4.91667	46.3833
4.83333	46.2333
5.73333	46.1833
5.31667	46.1333
5.43333	46.3333
5.4	45.9167
4.88333	46.3
5.58333	46.0333
5.93333	46.2
4.95	46.0833
5.06667	46.1833
5.35	45.9167
5.55	46.1333
5.11667	45.9
5.75	45.8333
4.73723	45.945
5.6	45.8333
5.33333	46.05
5.61667	46.15
5	46.4333
5	46.1667
5.73333	45.8167
5.68333	46
5.36667	45.8833
5.7	45.9667
5.71667	45.9
5.33333	45.95
5.21667	45.8667
5.25	45.9
5.55	45.7833
5.78333	45.85
5.08333	46.4167
5.25	46.3333
5.18333	46.3667
5.36834	46.2714
5.63333	45.65
5.28333	46.2833
5.6	45.9667
4.9	46.0667
5.51667	46.15
5.5	45.9583
5.4	46.0833
5.21667	45.9667
5.57084	46.1867
5.43333	45.9
5.65	45.9667
5.38333	46.1833
5.33333	46.1
6.01667	46.25
5.48333	46.2
5.06667	46.2667
5.71667	45.9333
5.03333	46.1833
5.43333	45.85
5.5	46.1167
4.81667	46.1667
5.33333	46.1667
5.16667	45.8833
5.08333	46.1667
5.3	46.3833
5.16667	46
5.08333	46.0167
5.1	45.9833
5.28333	46.1667
5.68333	45.9
4.95	45.9167
5.1	45.8667
5.2	46.1833
5.61667	45.7333
4.93333	45.95
5.06667	46.4
4.83333	46.2
5.13333	46.3333
5.46667	45.8833
5.46667	46.1333
4.81667	46.1333
4.8	46.1667
4.8	46.0333
5.36667	46.0833
5.01667	45.8167
5.41667	46.0333
5.46667	45.95
4.76667	46.0667
5.1	45.8333
5.33333	45.9333
5.05195	45.8942
5.25	45.85
5.6	45.7333
5.06667	45.8333
5.52667	46.1856
5.6	45.75
5.2	45.8167
5.88333	46.2167
5.41667	45.85
5.66667	45.6333
5.65	46.0333
5.23333	46.45
5.68333	45.85
5.08333	46.4667
5.46667	46.0333
5.3	45.9667
5.65	45.6833
5.48333	45.9
5.2	46.0333
5.56667	45.7833
4.9	46.4
5.46667	45.7833
4.81667	45.9333
5.56667	46.2667
5.36667	46.2167
5.78333	46.1333
5.13333	46.25
6.08333	46.35
4.83333	45.9167
4.98333	46.2667
5.45	46.15
5.43333	45.9833
5.55	46.2167
5.15	46.05
4.78333	46.1
4.88333	46.1833
5.26667	46.1167
4.78333	45.95
5.43333	46.0667
5.15	45.9333
5.03333	46.0667
5.21667	45.8333
4.85	46
5.76667	45.7333
5.58333	45.7
5.36667	45.9833
4.8	46.0667
5.66667	46.3167
5.61667	45.7667
4.95306	45.8245
5.83333	46.1333
6.03333	46.3167
4.91667	46.25
5.78333	46.0667
5.41667	46
4.83667	46.0212
5.01667	46
5.6	45.8833
5	46.4
5.41667	45.8667
5.28	46.1903
4.88333	45.9167
5.48333	45.9333
5.71667	45.8667
5.03333	45.95
4.95	46.2
5.97973	46.2364
4.88333	46.25
5.76667	45.7667
5.73333	45.7833
5.03333	46.1
5.53333	46.05
5.11667	46.4833
5.6	45.95
4.78333	45.9667
5.26667	46.4
5.69473	45.7187
5.35	46.2
6.13333	46.3667
5.88333	46.1
5.78333	46.0833
5.11667	46.4
5.56667	45.7167
5.08333	46.2167
5.35	46.35
5.06667	46.15
4.91667	46.2167
6.11667	46.3333
6.06667	46.3167
5.53333	45.8333
5.03333	46.4667
5.35	46.25
5.6	46.25
5.73333	45.8333
5.56667	46.2
5.56667	45.85
4.98333	46.2333
5.31667	46.35
5.33333	46.2167
5.48333	46.2333
5.33333	46.15
4.98333	46.5
5.68333	46.1833
5.65	45.7333
5.46667	46.1667
4.88333	45.95
4.78333	45.9833
5.5	45.9167
4.95	46.3167
4.76667	46.0833
5.36667	46.3333
4.9	46.1167
5.35	45.9
5.16667	46.2833
4.91667	46.3
4.93333	46.4333
5.35	45.95
4.81667	46.1167
6.01251	46.2806
5.83194	45.9597
5	45.8333
6.09723	46.3023
4.83333	46.3
5.7	45.8667
5.11667	46.1833
5.75	45.75
5.65	45.8167
5.65	45.85
5.16667	46.1833
4.86667	45.9667
4.85	46.25
5.43333	46.2
5.55	46.0667
5.46667	45.8
5.68333	45.9
4.9	46
5.03333	45.85
4.81667	45.9167
5.06667	46.3
5.15	46.45
4.81667	45.9833
5.80833	45.9167
5.5	46.0333
6.11667	46.25
5.28333	45.95
5.25	45.9667
5.04167	46.3203
5.63333	45.7
5.71667	45.7167
5.56667	45.8667
4.78333	46.1167
4.91667	46.4333
5.9	46.1333
5.73333	46.1833
5.61667	45.65
5.11667	46.2833
5.71667	45.8
5.63333	46.1333
4.96667	46.1667
5.28333	46.3333
5.78333	46.05
5.78333	46
4.96667	46.1167
5.91667	46.1667
5.45	46.1
5.08333	46.2667
5.21667	46.25
5.76667	46.25
4.93333	46.3
4.93333	46.0167
5.01667	46.2833
5.3	46.4167
5.41667	46.2667
5.28333	46
5.67751	45.6767
5.71667	46.15
6	46.25
5.55	46.1333
4.96667	45.8333
5.16667	46.1333
5.67445	45.8192
5.11667	46.3667
5.76667	45.8
4.95	46.3833
5.75	45.8
5.11667	45.8667
5.71667	45.95
5.48333	45.8333
5.38917	46.0284
4.75139	46.002
5.66667	46.25
4.93333	45.9
5.45	46.3167
5.35	46.3833
5.41667	46.2167
4.91667	46.15
5.15	46.4
6.1	46.2833
4.99167	46.3417
5.51667	45.8
5.36667	45.9333
5.58333	45.85
4.88333	46.3333
5.7	45.8833
5.96667	46.1833
5.71667	45.8167
5.71667	45.7833
5.6	46.2167
4.9	46.1333
5.05	45.85
5.7	46.15
5.53333	45.9
5.8	46.1667
5.28333	45.8833
4.85	46.2167
5.53333	46.2333
5.03333	46.2333
5.61667	46.25
4.98723	45.9487
5.68333	45.7667
5.81667	45.95
4.93223	45.8148
5.13333	46.1
5.38333	46.3333
5.68333	45.8
5.06667	46.4333
5.06667	46.0667
5.65	45.8
5.41667	46.1583
4.9	46.2833
5.31667	46.0667
5.2	46.0667
5.18333	45.9
5.18333	45.9333
5.76667	46.2333
5.46667	46.0833
4.88333	46.2167
5.95	46.3
5.77834	46.0217
6.08333	46.3
5.61667	45.8333
5.28333	45.8333
5.74139	46.21
5.06667	45.9333
5.6	46.2167
5.31667	46.1667
5.11667	46.2
5	46.2167
5.13333	46.2
4.96667	46.4333
5.58333	46.1167
5	46.0167
5.63333	45.8
5.6	46.0167
5.56667	46.1667
5.8	46.0167
5.81667	46.2
4.86667	46.35
5.48333	45.8
5.31667	46.0333
5.66667	46.0333
4.75	45.9833
4.88333	46.3833
5.56667	46.1167
5.53333	45.75
5.03333	46.1167
5.08333	45.8833
5.26667	46.1333
5.66667	46
5.2	45.9
5.43333	45.95
5.35	46
5.43333	46.2
5.05	46.0833
5.26862	45.9884
5.06667	45.85
5	46.3833
5.35	46.3667
5.55251	46.1728
5.48333	46.1
6.11667	46.3167
4.8	46.1
5.6	46.0667
4.81667	45.9833
6.08333	46.25
5.2	46.1167
5.06667	46.3333
4.9	46.35
4.76667	45.9333
5.81667	46.1
5.21667	46.2
5.81667	46.15
5.2	46.2
5.76667	45.75
4.86667	46.15
5.4	46.1333
6.03333	46.2833
4.76667	46.0167
4.95	46.4167
4.86667	46.1167
5.53333	46.0833
4.83333	45.9667
4.96667	46.4667
5.15	46.3167
5.58333	46.25
5.16667	46.3
4.76473	46.0484
5.95	46.1333
4.98333	46.0667
4.88333	46.2667
6	46.3667
5.95	46.2167
5.08333	46.1167
4.85	46.1
5.1	45.95
4.96667	45.8667
4.93333	46.2167
5.53333	46.0333
5.66167	45.8795
5.68333	46.3
5.65	45.95
5.45445	45.8081
5.5	46
5.53333	45.95
5.15	46.4667
5.2	45.7667
6.06667	46.3333
5.1	46.4667
5.05	46.3667
4.96667	45.9833
5.65833	46.2083
5.22223	45.9206
5.3	45.9167
5.18333	46.3333
3.86667	49.8167
3.33333	49.3
3.38333	49.9667
3.26667	49.1
3.73333	49.9
3.65	49.6
4.2	49.7833
4.06667	49.7667
3.35	49.8333
3.16667	49.7167
4.18333	49.7667
3.13333	49.4833
3.58333	49.7167
4.05	49.5333
3.85	49.6333
3.38333	49.6
3.16667	49.6667
3.18333	49.7833
3.98333	49.4667
3.36667	49
3.36667	49.45
3.38333	49.2833
4.03333	49.4167
3.63333	49.4167
3.96667	49.4
3.83333	49.5333
3.68333	49.4167
3.3	48.9833
3.45	49.4333
3.96667	49.4333
3.38333	49.4
3.21667	49.2667
3.15	49.3
4.1	49.6667
3.3	49.2
3.58333	49.5167
3.56667	49.4
3.55	48.9333
3.66667	50.0167
3.31667	49.45
3.48333	48.8833
3.75556	49.4656
3.96667	49.8667
3.3	49.7167
4.2	49.8333
3.81667	49.6833
3.66667	49.95
3.3	49.95
4	49.9333
3.71667	49.4167
4	49.7
3.3	49.2333
3.13333	49.7
3.35	49.2333
3.28333	49.9667
3.61667	48.9833
3.11667	49.65
3.98333	49.4167
3.4	49.7833
3.33333	49.3667
3.15	49.7667
3.63333	49.8167
4.2	49.8333
3.36667	49.4333
3.36667	49.7167
3.33333	49.9
3.21667	49.7833
3.9	49.4
3.56667	49.6167
4	49.4667
3.18333	49.6167
3.5	49.7833
3.28333	49.1833
3.73333	49.9
3.21667	49.8
3.6	49.65
3.1	49.75
3.73333	49.4
3.25	49.6
3.85	49.3667
3.21667	49.1167
3.61667	49.7167
3.1	49.1167
3.48333	49.15
3.7	49.4167
3.55	49.0667
3.51667	49.4167
3.71667	49.5
3.15	49.4167
3.65	49.3167
3.48333	48.9167
3.16667	49.6
3.78333	49.4833
3.55	48.95
3.53333	49.3667
3.31667	49.7833
3.16667	49.35
3.5	49.8333
3.48333	49.3
3.68333	49.9667
3.66667	49.3333
3.18	49.9623
3.53333	49.1833
4.05	49.8833
3.31667	49.1167
3.83333	49.85
3.31667	49.3333
3.78333	49.8667
3.25	50
3.76667	49.6
3.81667	49.8833
3.18333	49.5167
4.01667	49.8
3.46667	49.1833
3.15639	49.2581
3.55	49.3
3.58333	49.6
4.08333	49.7167
3.21667	49.6167
3.11667	49.7333
3.61667	49.4833
3.36667	48.9833
3.75	49.4333
3.45	49.5
3.73333	49.3833
3.46667	49.6
3.41667	49.3
3.55	49.5
3.25	49.25
3.75	50.0333
3.55	49
3.15	49.25
3.3	49.1333
3.23333	49.9
3.13333	49.2167
3.53333	49.25
3.55	49.2833
4.06667	49.8667
3.63333	49.0167
3.18333	49.45
3.53333	49.0833
3.73333	49.4667
3.46973	50.0173
3.75	49.5167
3.68333	49.9
4	49.7833
3.48333	49.9
3.85	49.4833
3.76667	49.9167
3.41667	49.2833
3.66473	49.8909
3.61667	49.5667
4.06667	49.7667
3.68333	49.7
3.43333	49.6833
3.66667	49.3833
3.63333	49.6833
3.6	49.5
3.41667	49.6167
3.75	49.8667
3.43333	49.8833
3.61667	49.2667
3.07611	49.3317
3.36667	50.0167
3.45	49.2833
3.7	49.4667
3.23333	49.85
3.23333	49.0167
3.76667	49.7333
3.76667	49.8333
3.6	49.1667
3.78333	49.4333
3.55	49.0667
3.26667	49.4
3.46667	49.05
3.98333	49.85
3.56667	48.9833
3.33333	49.4833
3.3	49.3333
3.68333	49.35
3.3	49.2167
3.4	49.3167
3.86667	49.7833
3.18333	49.8167
3.6	49.15
3.81667	49.7833
3.18333	49.1333
3.61667	49.3667
3.41667	49.0333
3.15	49.8167
3.7	50.0167
3.36667	49.6667
4.13333	49.9167
3.23333	49.8
3.55	49.7
3.41667	49.2333
3.95	49.6667
3.28333	49.6167
3.80945	49.81
3.46667	49.25
3.9	49.7833
3.38333	49.15
3.16667	49.6333
3.83333	49.8333
3.51667	49.5833
3.45	49.7167
3.55	49.4
3.70833	49.95
3.31667	49.4167
3.2	49.65
3.13333	49.9167
3.16667	49.85
3.75806	49.7787
3.35	49.15
3.57195	49.3381
3.66667	49.75
3.53333	49.2
3.73333	49.6667
3.41667	49.1667
3.8	49.9
3.23333	49.1667
3.23333	49.4333
3.28333	49.7333
3.21667	49.9
3.60695	49.077
3.99334	49.6612
3.3	49.6
3.38333	49.65
3.45	48.9667
3.84167	49.6583
3.31667	48.9667
3.55	49.2833
3.85	49.5167
3.5	49.3
3.55	49.5333
3.61667	49.9333
3.51639	49.4348
3.46667	49.5333
3.3	49.4333
3.21667	49.0833
3.5	49.0667
3.86667	49.4
3.38333	49.5167
3.56667	49.1833
3.73333	49.6833
3.13333	49.3
4.15	49.85
3.5	49.05
3.55	49.9
3.21667	49.0667
3.1	49.8167
3.43333	49.5333
3.91667	49.7333
3.48333	49.2167
3.86667	49.6667
4.01667	49.3833
3.8	49.6333
3.26667	49.1667
3.3	49.65
3.11667	49.1667
3.38333	49.5333
3.16667	49.9333
3.56667	49.4333
3.43333	49.8
3.33333	49.4333
3.35	49.1667
3.23333	49.3833
3.65	49.9833
3.56667	49.2667
3.86667	50.0333
3.51667	49.3333
3.8	49.7833
3.18333	49.3167
3.53333	50.05
3.4	49.2
3.2	49.5
3.66667	49.4833
3.53333	49.0167
3.58333	49.5333
3.17639	49.2242
4.01667	49.6833
3.35	49.7167
3.28333	49.55
3.45	49.6833
3.4	49.3
3.45	49.35
3.41667	49.35
3.31667	49.5333
3.61861	49.3073
3.8	49.5333
3.35	49.2667
3.48333	49.35
3.7	49.35
3.21667	49.25
3.21667	49.9833
3.35	49.1833
3.43333	49.15
3.43333	49.1833
3.2	49.7167
3.65	49.4667
3.86667	49.7333
3.25	49.3333
3.45	49.7333
4.03333	49.7667
3.08333	49.8333
3.48333	49.4667
3.15	49.3333
3.45	49.1
3.35	49.3833
3.36667	49.75
3.13333	49.3167
4.11667	49.7417
3.53333	49.4667
3.11667	49.7833
3.71667	49.7833
3.3	49.1
3.6	49.3333
3.55	49.55
3.45	49.3667
3.65	49.6333
3.13333	49.5667
3.33333	49.75
3.56667	49.7333
3.33333	49.95
3.25	49.0833
3.5	49.8667
3.86667	49.9333
3.73333	49.5833
3.53333	49.9333
3.55	49.8833
3.91667	50
3.35	49.6167
4	49.3833
3.21667	49.4
3.66667	49.65
3.38333	49.7
3.6	50.0167
3.63333	49.65
3.8	49.9167
3.68333	49.5667
3.9	49.9333
3.98333	49.5167
3.16667	49.5667
3.68333	49.6667
3.65	49.85
4.01667	49.9333
4.13333	49.8667
3.32806	49.5787
3.35	49.1
3.18333	49.6
3.51667	49.8667
3.31667	49.75
3.15	49.6833
3.6	49.95
3.9	49.8333
3.68333	49.9667
3.81667	49.8
3.335	49.2787
3.82361	49.8195
3.58333	49.3
3.63333	49.2833
3.43333	49.0333
3.18333	49.35
3.73333	49.8167
3.91667	49.6833
3.65	49.4
3.6	49.0167
3.63639	49.2012
3.4	49.55
3.8	49.5167
3.35	49.5167
3.98333	49.9833
3.33333	49.9167
3.95	49.7167
3.81667	49.3667
3.38333	50
3.23333	49.7333
3.55	49.1167
3.45	49.4667
3.48333	49.0667
4.16667	49.7333
3.43333	49.4
3.26667	50.0333
3.45	48.95
4.2257	49.7667
3.2	49.4167
3.31667	49.4833
3.31667	49.8667
3.4	49.45
3.56667	49.4
3.21667	49.1833
3.18333	49.95
3.91667	49.4833
3.36667	49.9167
4.08333	49.7167
3.45	49.9333
3.98333	50.0333
3.66667	49.6833
4.13333	49.7167
3.73333	49.9
3.25	49.9167
3.66667	49.45
4.06667	49.6667
4.07139	49.7195
4.03333	49.9333
3.4	49.1
3.91667	49.9
3.38333	49.7667
3.8	49.75
3.86667	49.85
3.53333	49.9333
3.36667	49.4
4.08333	49.9167
3.28333	49.4667
3.8	49.7
3.46611	48.8648
3.45	49.4
3.15	49.5167
3.55	49.0167
3.55	49.9667
4.08333	49.7
3.25	49.3667
3.05	49.2667
3.95	49.95
3.73333	49.5333
3.80445	49.6095
3.26667	49.3167
3.38333	49.4333
3.31667	49.8833
3.28333	48.95
3.43333	49.3833
3.15	49.7
3.71667	49.5333
4.08333	49.7833
3.4	49.9
3.12889	49.7506
3.53333	49.5167
3.36667	49.5
3.9	49.5667
4.11667	49.6667
3.46667	49.8
3.7	49.8167
3.55	49.4667
3.58333	49.4667
3.73333	49.5167
3.15	49.1
3.03333	49.3167
3.26667	49.5167
3.41667	49.95
3.2	49.4333
3.28333	49.9333
3.25	49.4167
3.51667	49.5333
3.65	49.5167
3.2575	49.7387
3.61667	49.3833
3.26667	49.8
3.26667	49.45
3.4	49.8333
3.53333	49.3333
3.7	49.5167
3.15	49.6
3.83333	49.7333
3.31667	49.8333
3.31667	49.85
3.33333	48.9833
3.11667	49.7667
3.6	49.35
3.41667	49.6333
3.1	49.3667
3.85	49.7833
3.78333	49.65
4.13333	49.75
3.43333	49.05
3.8	49.5
3.7	49.4167
3.46667	49.6833
3.61584	49.7698
4.15	49.7083
3.2	49.15
3.56667	49.0667
3.16667	49.9833
3.76667	49.3833
3.7	49.7833
3.38333	49.3667
3.33333	49.3667
3.81667	49.4167
4.01667	49.6333
3.24	48.98
3.31667	49.35
3.21667	49.5833
3.1	49.8167
3.26667	49.1333
3.5	49.3833
3.33333	49.0833
3.18333	49.7667
3.25	49.6667
3.73333	49.8833
3.41667	49.6
3.25	49.8833
3.45	49.0333
3.63333	49.3
3.28333	49.3833
3.56667	49.75
3.3	50
3.16667	49.3667
3.41667	49.4167
3.58333	49.9333
3.28333	49.2833
3.15	49.6167
4.05	49.5667
3.45	48.8667
3.35	49.3167
4.05	49.8
3.53333	49.0333
3.26667	49.0833
3.33333	49.5333
3.85473	49.6689
3.2	49.1667
3.33333	49.1833
3.48333	49.8333
3.73333	49.4167
3.2	49.8833
3.81667	49.7667
3.63333	49.9667
3.36667	49.4333
3.61667	49.3833
3.83333	49.35
3.55	49.9833
3.1	49.8667
3.35	49.2
3.63333	49.9
3.25	49.5333
3.91667	49.6167
3.56667	49.9
3.18333	49.3833
3.58333	50.05
3.15	49.75
3.36973	49.5539
3.54139	49.5281
3.46667	49.85
3.81667	49.5
3.78333	49.8
4.11667	49.8333
3.28333	49.9167
3.38028	49.7437
4.01667	49.8
3.18333	49.8
3.66667	49.85
3.46667	49.3667
3.75	49.9167
3.21667	49.3333
3.15	49.8167
3.25	49.2
3.6	49.8167
3.15	49.2
3.25	49.95
3.55	49.3167
3.11667	49.7833
3.7	49.6167
4.10973	49.7614
3.41667	49.8167
3.1	49.7833
3.51667	49.5167
3.7	49.1833
3.96667	49.6167
3.55	49.15
3.38333	49.2333
3.95	49.4167
3.56667	49.0167
3.48333	49.5667
3.5	49
3.41667	49.0667
3.9	49.9167
3.95	49.8167
4	49.4167
3.35	49
3.51667	49.65
3.51667	49.4833
3.18333	49.1
4.07695	49.6495
3.38333	49.5667
4.03333	49.4333
3.95	49.6167
3.56667	49.4833
3.26723	48.9931
3.71667	49.35
3.23333	49.7167
3.4	49.9167
3.38333	49.6167
4.08333	49.8833
3.61667	49.3
4.05	49.8667
3.84917	49.4967
3.65	49.4833
3.41667	49.0167
3.91639	49.9773
3.81667	49.4833
3.15	49.8667
3.3	49.1
3.88333	49.7167
3.48333	49.4167
4.03333	49.4333
3.48333	49.05
3.75	49.3667
3.78333	49.3833
3.28333	49.7167
3.55334	49.5373
3.28528	48.9773
3.4	49.05
3.73333	49.55
3.28056	49.4137
3.68333	49.75
3.1	49.3
3.05	49.2333
3.35	49.3333
3.46667	49.8167
3.4	49.0167
3.38333	48.95
3.78333	49.3833
4.18333	49.7333
4.01667	49.9
3.38333	49.6833
3.33333	49.9
3.28333	49.6833
3.05	49.2833
3.26667	49.7
3.31667	49.9333
3.13333	49.7167
3.7	49.85
3.3	49.3667
3.56667	50.0167
3.7	49.3667
4.2	49.9
3.58333	49.9333
3.16973	49.1931
3.48333	49.7
3.26667	49.2667
3.83333	49.9667
3.26667	49.1167
3.33333	49.3333
3.16667	49.75
3.33333	49.65
3.61667	49.5167
3.48333	49.6667
4.01723	49.6956
3.4	48.9
3.2	49.1833
3.85	49.9
3.36667	49.75
4.2165	49.8833
3.75	49.9833
3.23333	49.5167
3.25	49.8667
3.98333	49.8
3.35	49.8
3.4825	49.6009
3.28333	49.7333
3.31667	49.15
3.21667	49.8667
3.81667	49.5833
3.55	49.7667
3.11667	49.4
3.98333	49.7333
3.23333	49.4667
3.96667	49.7833
3.01667	49.3167
3.67834	50.042
3.81667	49.4667
3.15	49.8
3.28333	49.5
3.53333	48.9667
3.25	49.4667
4.05	49.7167
3.8	49.75
3.65	49.7167
4.05	49.7333
3.35	49.6833
3.5	49.3
3.61667	49.7
4	49.5667
3.33333	49.8167
3.3	49.0667
4.15	49.8333
3.78333	50.0167
3.71667	49.7167
3.25	49.6333
3.46667	49.5167
3.63333	49.2333
3.46667	49.55
3.35	49.6333
3.53333	49.5667
3.84973	49.4278
3.75	49.4833
3.13333	49.4167
3.88333	49.7833
3.51389	49.6042
3.66667	49.5167
3.15	49.6167
3.4	49.4833
3.5	49.0833
3.73333	49.7333
3.56667	49.55
3.66667	49.1667
3.4	49.4333
3.55	49.0833
3.45	49.4833
3.41667	49.5167
3.15	49.4667
3.28333	49.7667
3.68333	49.5167
3.36667	49.9
3.55	49.25
3.28333	49.85
3.21667	50.0167
3.23333	49.8
3.21667	49.15
3.28333	49.0167
3.16667	49.5333
3.63333	49.35
3.51667	50.0167
3.74445	49.4884
3.23333	49.1167
3.48333	49.35
4.05	49.9
3.6	49.6167
3.56667	49.15
3.7	49.4
3.68333	49.4833
3.58334	49.387
3.3225	49.5203
3.23333	49.8167
3.38333	49.1833
3.4	49.7667
3.71667	50.0333
3.85	49.7167
3.2	49.0167
3.76667	49.35
3.35	49.3333
3.51667	49.7833
3.23333	49.95
3.21667	49.2167
3.76667	49.9667
3.45	49.8833
3.7	49.15
3.51667	49.2
3.45	49.2333
3.36667	49.85
3.19417	49.6109
3.25473	50.0017
3.15	49.3833
3.9	49.65
3.61667	49.5
3.45	48.9167
4.16667	49.7167
3.43333	49.65
3.56667	49.6833
3.51667	50.0167
3.9	49.85
3.96667	49.9333
3.35	49.9667
3.81667	49.9
3.88333	50.0167
3.48333	49.95
3.61667	49.9667
3.7	49.9
3.7	49.6833
4.2	49.7333
3.41667	49.7667
3.5	49.5167
3.45	48.8833
3.36667	49.6333
3.15	49.9333
3.41667	48.9667
3.08333	49.25
3.6	49.4167
3.13417	49.5248
3.65278	49.3595
3.91667	49.9167
3.45	49.9833
4	49.9333
4.06667	49.9667
3.66667	49.4667
3.8	49.8
3.93333	49.7833
4.13333	49.7833
3.21667	49.2
3.38333	49.65
3.26667	49.8167
3.41667	49.45
3.58333	49.6833
3.61667	49.4667
3.78333	49.6667
3.35	49.2167
3.16667	49.55
3.76667	49.55
3.9	49.45
3.1	49.8667
3.71667	49.7167
3.4	49.2667
3.76667	49.4333
3.66667	49.4333
3.61667	49.4333
3.46667	49.4333
3.53333	49.6833
3.25	49.5667
3.53333	49.5833
3.3	49.4
3.23333	49.5833
3.68333	49.3833
3.2	49.5333
3.28333	49.05
3.26667	49.0333
3.51667	49.3333
3.36667	49.0333
3.38333	49.3667
2.98333	46.75
3.75	46.25
3.05	46.6833
3.35	46.15
3.25	46.3167
2.61667	46.35
3.8	46.2667
3.46667	46.0667
3.65	46.6333
3.56667	46.0667
3.11667	46.2167
3.73389	46.1931
3.53333	46.6667
2.3	46.4333
3.16667	46.2833
2.6	46.3167
3.26667	46.25
3.6	46.2833
3.13333	46.4667
2.48333	46.3667
3.03333	46.3833
2.91667	46.35
2.63333	46.2667
3.88333	46.35
2.63333	46.1333
2.8	46.6833
2.53333	46.35
3.13333	46.2
3.15	46.5833
2.41667	46.3833
3.75	46.4667
3.23333	46.3
3.18333	46.5333
2.71667	46.4667
2.83333	46.2833
2.96667	46.4667
3.66667	46.6
3.06667	46.1833
2.8	46.3333
2.6	46.5333
2.61667	46.6
3.05	46.5833
2.66667	46.2833
3.7	45.9667
3.76667	46.3833
3.08333	46.5
3.7275	46.1562
3.48333	46.3167
2.51195	46.2595
3.35	46.5667
3.2	46.1
3.76667	46.2833
3	46.1333
3.33333	46.4
3.31667	46.1333
3.28333	46.55
2.92667	46.3878
2.86667	46.5833
3.41667	46.6667
2.6	46.3333
2.66667	46.6167
3.16667	46.45
3.13333	46.55
2.38333	46.45
2.53333	46.4833
3.93333	46.4
3.26667	46.4667
2.35	46.4333
3.63333	46.0167
3.05	46.4
3.53333	46.3667
2.69334	46.66
2.7	46.7167
2.65	46.6667
3.63333	46.45
2.81667	46.7167
3.4	46.1833
3.25	46.6167
2.68333	46.2333
2.91667	46.3167
2.7	46.3333
2.8	46.2667
3.61667	46.65
3.21667	46.1833
2.71667	46.5667
3.66667	46.0667
2.88333	46.2833
3.56667	46.4
3.43333	46.4167
3.31667	46.5167
3.45	46.3333
3.38333	46.35
3.2	46.2333
3.88333	46.3
3.06667	46.5
2.60806	46.395
3.41667	46.45
3.57556	46.1667
3.51667	46.45
3.23333	46.1667
2.41667	46.4167
3.3	46.3833
2.78333	46.3
3.25	46.3333
3.56667	46.3167
3.4	46.1167
3.55	46.25
3.73333	46.2833
3.65	46.2333
2.98333	46.2833
3.95	46.3667
3.65	46.6667
2.43333	46.4667
3.21667	46.1333
3.18333	46.2167
3.78333	46.2
2.63333	46.1667
3.34389	46.2253
3.18333	46.1333
2.7	46.25
3.25	46.1167
3.16667	46.0667
3.40861	46.6364
3.51667	46.0667
2.65	46.45
2.93333	46.1833
3.65	46.3833
3.25	46.0833
2.86667	46.4
3.36667	46.0833
2.46667	46.3333
3.65833	46.1833
3.28333	46.3
2.96667	46.35
3.41667	46.1167
2.98333	46.2833
3.59195	46.3798
3.71667	46.2333
3.46278	46.1087
2.71667	46.5167
3.14667	46.2453
3.25	46.55
3.56667	46.1
3.4	46.3667
3.98333	46.3333
3.63333	46.3167
3.05	46.75
2.6	46.5
2.6	46.6333
2.78333	46.3667
3.08333	46.2
3.45	46.0833
2.33333	46.35
3.11667	46.4833
3.2	46.65
3.51667	46.4
3.21667	46.3333
3.13333	46.35
3.8	46.35
3.48333	46.5333
2.86667	46.3
3.46667	46.2667
2.75	46.2833
3.3	46.1
3.46667	46.2
3.21667	46.0833
2.61667	46.4167
3.58333	46.1
3.61667	46.15
2.43333	46.5
3.73333	46.35
2.88333	46.5
3.01667	46.5167
3.81667	46.4333
3.7	46.3167
3.48333	46.2333
2.6975	46.3575
3.36667	46.1
3.25	46.2167
3.16667	46.4
3.16667	46.35
3.26667	46.0667
2.51667	46.3333
2.95	46.55
3.26667	46.1333
2.76667	46.4667
2.6	46.425
3.45	46.3
2.95	46.3167
2.53333	46.3167
3.51667	46.4833
2.43333	46.3
3.75	45.9833
3.13333	46.15
2.58556	46.6562
3.63333	46.1
3.25	46.65
2.66667	46.4
2.35	46.4833
3.61667	46.7333
2.56667	46.45
2.98333	46.1667
3.93333	46.4667
3.85	46.3833
3.31667	46.4
3.68333	46.4
2.93333	46.7167
3.23333	46.4
3.6	46.35
2.91667	46.4
3.03333	46.7667
2.85	46.3333
2.7	46.2
3.05	46.3
3.21667	46.2667
2.53333	46.2333
3	46.7167
3.11667	46.6833
3.02	46.4945
2.65	46.4833
3.8	46.3
2.56667	46.2
2.55	46.2333
3.03333	46.2167
3.15	46.6
3.1	46.1333
3.51861	46.1789
3.43333	46.1
3.43333	46.2333
3.70445	46.062
3.53333	46.1833
2.96667	46.6167
3.31667	46.4833
2.61667	46.4667
3.5	46.2167
3.63333	46.25
2.33333	46.3833
3.56667	46.2167
2.83333	46.4667
3.05	46.25
3.3	46.5833
3.06667	46.3167
3.65	46.4667
3.75	46.5333
3.28333	46.1833
2.5	46.4167
3.46667	46.2667
3.43333	46.2
3.16139	46.185
3.05	46.15
3.06667	46.1667
3.1	46.1833
3.16667	46.6833
3	46.15
3.26667	46.3333
3.68333	46.1167
2.73333	46.4
2.61667	46.2
3.3	46.6833
3.11667	46.65
3.46667	46.1333
3.11667	46.25
3.51667	46.25
2.58333	46.15
3.3	46.6333
2.8	46.5667
3.48333	46.6
3.01667	46.3333
3.41667	46.2667
2.95	46.4167
3.2	46.5833
3.6	46.3333
2.78472	46.2287
3.3	46.1667
3.86667	46.4833
3.01667	46.4167
3.43333	46.1667
3.5	46.3
2.91667	46.6667
3.33333	46.5667
3.08333	46.1167
3.89417	46.4125
3.15	46.1333
3.75278	46.0217
3.78333	46.0667
3.15	46.2333
3.98333	46.45
3.36667	46.4333
2.85	46.5333
3.35	46.2833
3.36667	46.5167
3.5	46.0167
3.46667	46.6167
3.58333	46.5167
3.06667	46.4167
3.2	46.1667
3.03333	46.4333
3.25	46.45
3.65	45.9833
2.81667	46.45
2.83333	46.6167
3.66667	46.3667
3.3	46.3667
3.21667	46.3
3.365	46.2903
2.81667	46.3167
2.73333	46.55
3.4	46.3167
3.43333	46.1833
3.03333	46.6333
3.68333	46.5167
3.21667	46.2167
3.4	46.1667
3.55	46.6167
3.81667	46.5
2.6	46.2667
2.86667	46.45
2.98333	46.2167
2.56667	46.2833
3.5	46.2333
6.21751	44.1703
6.16667	44.4
5.91667	44.3167
6.4	43.8
6.36667	43.8667
5.88333	44.15
6.11667	43.95
6.03333	43.7
5.98333	44.0333
6.52056	43.9795
5.66667	44.1833
5.86667	43.9
5.96667	44.0667
6.89056	43.915
5.95	44.2833
6.26667	44.05
6.35	44.35
6.28333	44.1333
6.63333	44.1833
5.71667	44.15
5.78333	43.9667
5.63333	43.9333
6.1	43.9167
6.08333	44.0667
6.81667	43.95
5.78333	43.9
6.92445	43.912
6.01667	43.9667
6.78333	44.0167
6.68333	43.9833
6.1	44.4
5.8	43.9
6.05	44.25
5.98333	43.9333
6.7	44.3667
6.13333	44.0667
5.95	44.3667
5.75	43.8833
6.15028	44.0381
5.55	44.0833
5.65	44.0833
6.41667	44.0333
6.58333	43.8667
6.56667	44.4
5.78333	44.05
5.73333	44.0333
6.09556	43.7792
6.34167	43.78
6.38333	44.45
5.88333	43.9167
5.83333	43.95
6.38333	44.0667
6.80778	43.9142
5.98333	44.2
5.68333	43.9333
6.8	44.4833
6.5	44.0833
5.60917	44.0123
6.06667	43.7167
6.01667	43.7833
5.7	43.8333
5.71667	43.9167
6.65	43.85
6.85	44.45
5.75	43.8167
6.15139	43.7589
5.85	43.8833
6.75167	44.515
5.95	44.3167
6.13333	44.1833
5.9	44.1833
5.96667	44.1333
6.06667	44.3167
6.03333	44.0833
6.00917	44.0942
6.33333	44.1167
6.41667	43.9667
6.01667	44.2667
5.7	44.0833
5.7	43.8667
5.83333	43.9333
6.4	44.2833
6.13333	44.05
5.6	43.9333
6.43333	44.4333
6.36667	43.95
6.08333	44.2667
5.83333	44.0667
6.73333	44.4167
5.76667	43.9333
5.98333	43.7333
5.56667	43.9833
6.33333	44.4
6.16667	43.9333
6.55	43.8333
6.13333	43.8667
6.18333	44.4167
6.03333	44.35
5.63333	43.85
6.1	43.8167
6.11667	43.9167
5.76667	43.7833
5.65	44.0833
6.63333	44.2333
6.46667	43.95
6.21667	43.85
5.68333	44.0833
5.83333	44.2667
5.93333	44.0333
6.33333	44.2667
6.7	43.9
6.3	44.45
6.15	44.15
6.73333	43.9667
6.23333	43.9833
5.96667	44.2667
6.03333	44.05
5.88333	43.9667
6.3	44.3
5.95	44.1
5.89778	44.0662
6.4	43.9833
6.56667	43.9333
6.01667	44.2833
5.81667	44.0333
5.66667	43.8833
6.6	43.9667
6.51667	43.85
5.91667	44
6.01667	44.1167
5.84445	44.047
5.91667	43.9167
6.5	43.9667
6.58333	43.9167
5.83333	44
6.35	43.9833
6.26667	44.2667
6.15	44.4167
6.36667	44.5
5.73333	43.9833
6.51167	44.4014
5.71667	44.05
6.13333	44.2333
6.44334	44.22
6.2	43.9833
6.62612	44.3612
6.65	44.3833
6.68333	44.4
5.98333	43.8333
5.98333	44.1667
5.75	43.7667
6.3	44.15
6.05	44.3667
5.93333	44.2
6.35	44.1667
5.83333	44.1667
6.43333	44.05
6.74584	44.4581
6.2	43.9
5.63333	44.0333
6.1	44.45
6.76667	43.9833
5.78333	43.8333
6.36667	44.2
6.6	44.15
6.63333	44
6.3	44.3667
6.4	43.9167
6.21667	44.0167
5.95	43.7667
6.13333	43.8333
6.11667	44.45
6.03333	43.9
5.98333	44.35
6.53333	43.9167
6.35	44.1333
5.8	44.0167
6.15778	44.18
5.73333	44.1667
6.16667	44.1
5.58333	43.85
6.63333	44.0333
6.03333	43.9333
6.23639	44.0933
5.95	44.1333
6.55	44.1
6.63333	43.8167
5.66667	43.9667
5.88333	43.75
6.25667	44.3856
6.16667	44.3333
5.61667	43.9167
6.11667	44.1
6.62778	44.3923
6.03333	44.4333
6.6	44.1667
5.6	44.1667
6.66667	43.9667
6.3	43.9167
6.01667	44.15
5.7	44.25
6.63333	44.65
5.81667	44.5333
5.93333	44.3833
6.16667	44.4667
6.36667	44.5667
5.88333	44.5833
6	44.6
5.95	44.5667
5.91667	44.4333
6.2	44.5667
6.71667	44.9333
5.96667	44.5333
6.71667	44.8667
6.01667	44.4167
6.48333	44.85
6.6	44.8833
5.93333	44.7
6.15	44.6
6.23333	44.55
6.6	44.9167
5.7	44.6167
6.02917	44.7814
5.78333	44.4833
6.68333	44.95
5.56667	44.3667
6.23333	44.7333
6.21667	44.4667
6.6	44.7
6.11667	44.65
6.05	44.7
5.73333	44.3833
6.18333	44.65
5.55	44.45
5.62806	44.3153
6.95	44.7667
6.73333	44.7667
6.33333	44.55
6.19473	44.817
6.03333	44.5
6.33333	44.6833
6.48667	44.8692
6.08612	44.6975
6.86667	44.7
5.75	44.3333
6.0764	44.682
6.5	44.5667
6.63389	44.6759
6.57139	44.7228
6.41667	44.5667
6.51667	44.6167
6.47112	44.5337
6.13333	44.65
5.78333	44.4167
6.53333	44.8167
6.1	44.7167
5.8	44.5
6.11667	44.5
6.6	44.6667
5.75	44.3833
5.62778	44.5639
6.03333	44.7333
6.18333	44.5333
6.08333	44.5667
6.40501	44.5259
6.06667	44.4667
5.75	44.5167
6.775	44.6667
6.13333	44.8333
6.65	44.6667
6.51667	44.9833
6.03333	44.75
5.55	44.4167
6.05	44.7667
5.7	44.45
5.51667	44.4667
5.51667	44.3833
6.2	44.65
6.13333	44.55
6.48333	44.8333
5.76667	44.25
6.51667	44.5333
6.58333	44.75
5.88333	44.7
6.30667	45.0469
6.8	44.7667
5.88333	44.3167
5.98333	44.8
6.6044	45.0196
5.78333	44.35
6.57084	44.9448
5.8	44.2667
6.85	44.7333
5.68333	44.5833
6.55	44.7833
5.63333	44.5667
5.83333	44.4833
5.98333	44.75
6.06667	44.7333
5.81667	44.2833
6.2	44.4667
6.58528	44.8403
5.85	44.6333
6.2	44.4333
6.57834	44.6489
5.73333	44.2667
6.01667	44.5333
5.88333	44.2833
5.475	44.4667
5.93333	44.4333
5.66917	44.2848
5.7	44.35
6.13333	44.6667
5.83333	44.35
6.5	44.5333
5.82222	44.3158
6.06667	44.6667
5.96667	44.4833
5.86667	44.5167
5.715	44.4287
6.61667	44.9
5.5	44.4
6.01667	44.45
5.6	44.3667
5.86667	44.5333
5.75	44.4167
5.68333	44.4167
6.55	44.5167
6.01667	44.75
5.85	44.5
6.16667	44.5
5.68333	44.3167
5.72778	44.4925
6.21667	44.6667
6.53723	44.7542
6.05112	44.4839
5.76667	44.3833
5.65	44.4667
5.90306	44.4537
5.61667	44.4167
6.08333	44.8
5.96667	44.4333
6.86667	44.7833
6.53333	44.5833
5.76667	44.35
6.01667	44.5167
6.16667	44.6667
5.7	44.5167
6.28333	44.55
6.93333	44.7833
5.74862	44.3153
6.31389	44.4784
5.9	44.3667
6.23417	44.4664
5.7	44.2
6.63333	44.8667
5.73333	44.5667
5.75	44.45
6.16667	44.55
6.01667	44.7
5.46667	44.3833
6.13333	44.4833
6.18333	44.4667
6.05	44.4667
5.89723	44.7348
5.86667	44.2333
5.65	44.35
6.13333	44.65
6.33711	45.0423
6.2	44.6333
6.65	44.9
6.08333	44.6333
6.61667	44.6667
6.43333	44.55
6.36667	44.6
6.6	44.55
6.68333	44.6167
7.2	43.8333
7.13333	43.9833
7.25	43.7833
7.21667	43.7667
7.23333	43.8
7.15	43.7167
7.11667	43.7167
7.18333	43.7667
6.91667	43.6667
6.86667	43.65
7.01667	43.75
6.85	43.8833
7.21667	43.8667
7	43.95
6.83333	44
7.1	43.85
7.14278	43.8823
7.05	43.7167
7.3	43.8667
7.2	43.8167
6.88333	43.6333
7.43333	43.75
7.26667	43.9
6.91667	43.9833
6.81667	43.9
6.9	44.1167
7.05084	43.6656
6.86667	44.2833
7.25	43.9167
7.36667	43.8
7.1	43.6333
7.31667	43.7
7.18333	43.95
7.26667	43.7833
7.33333	43.9833
7	43.6333
6.9	43.95
6.76667	44.1333
6.83333	44.0833
7.05	43.5833
6.91667	43.9667
6.75	44.1833
7.1	44.0833
7.11667	43.7
7.55	44
7.45	43.8833
7.61667	44.0667
7.31667	43.75
7.41667	43.95
7	43.8667
6.98333	43.9167
6.91667	43.6
7.15	43.8833
7.4	43.75
6.76667	43.8667
7.31667	43.8167
7.46667	43.8333
7.36501	43.8475
6.71667	43.7833
6.78333	43.7333
7.08333	43.8667
6.96667	43.6167
6.78333	43.7667
7.31667	44
7.28333	43.7333
7.13333	43.9167
6.98333	44.1
7.11667	43.5833
7.36667	43.7167
6.98333	44
7.01667	43.55
7.11667	43.65
7.15	43.75
6.98889	43.7014
6.98333	43.6667
6.93333	43.6
7.05	44.1833
6.95	43.9333
6.83333	44.1333
6.85	43.7
7.15	43.95
7	43.6
7.55	43.9833
7.2964	43.8084
7.13333	44.0667
7.01667	43.5667
6.90723	43.8834
7.01667	44
7.03333	43.8
6.86667	43.8833
7.4	43.8
7.18333	43.8
7.16667	43.85
7.03333	43.9833
7.31667	43.75
7.01667	43.6833
7.15	44
6.86667	43.6667
7.15	43.6667
6.95	43.8
6.86667	43.9833
6.85	43.65
7.2	43.8667
7.05	44.0833
7.3	43.8333
7.3	44.0167
7.1	43.8
6.8	43.8667
6.93333	43.5
7.5	43.7833
6.72639	43.8484
7.18333	43.6667
7.38333	43.7833
7.45	43.7833
6.95	43.6
7.31667	43.7667
6.86667	43.85
7.25	43.7
6.73333	43.7667
6.97501	43.675
6.7	43.7667
7.25	44.0667
7.1	44.0333
7.5	43.8
7.36667	43.8833
7.31667	43.9667
6.91667	43.85
6.81667	44.0167
7.33333	43.6833
6.90001	43.7414
7.6	44.0833
7.05	43.85
6.95	43.8667
7.16667	43.8167
7.01667	43.9167
6.85	44.0833
7.25	44.05
7.11667	43.8333
7.08333	44.0833
7.28333	43.75
7.11667	43.9
6.79528	44.12
7	43.8667
7.5	43.9333
7.46667	43.7667
7.33333	43.7
7.1	43.9333
7.03333	44.0333
7.4	43.7167
7.01667	43.8833
7.23333	43.8333
7.35	43.8333
6.8	43.65
6.95	43.7833
7.1	43.6833
7.46667	43.8
6.925	44.2583
7.1714	44.0712
6.93333	43.55
7.3289	43.8303
7.13333	44.0333
6.98333	43.7167
7.13333	43.9333
4.46667	45.05
4.78333	45.2333
4.75	45.3333
4.39584	44.6267
4.31667	44.6333
3.96667	44.8
4.21667	44.6833
4.16695	44.5378
4.68806	44.9864
4.4	44.5667
4.21667	44.3167
4.6	44.45
4.76667	44.8167
4.83333	44.95
3.98333	44.4667
4.63333	44.9
4.7	44.9167
4.1	44.55
4.56667	44.7333
4.10723	44.4575
4.73333	44.95
4.68333	44.75
4.63333	44.8
4.85	45
4.26667	44.7
3.91667	44.7
4.55	45.1667
4.5	44.55
4.78333	45.2167
4.78333	45.0167
4.68333	45.0667
4.38333	44.9
4.73333	45.1833
4.66667	44.8833
4.68195	45.0362
4.16667	44.5
4.53333	44.5833
4.56667	44.75
4.81667	44.8667
4.15	44.3667
4.65	45.0167
4.41667	44.85
4.51667	44.6333
4.33333	44.7667
4.08333	44.4167
4.18333	44.8167
4.59278	44.92
4.26667	44.7833
4.65	44.9167
4.58333	44.5
4.25	44.9
4.46667	44.7
4.3	44.5167
4.3	44.4
4.26667	44.3
4.3	44.8333
4.25	44.5667
4.7	44.7167
4.4	44.7167
4.8	44.8333
4.53333	44.5167
4.36667	44.9333
4.54639	44.7164
4.63333	45.1833
4.55	45.2167
4.58333	44.8167
4.26667	44.6833
4.75	45.2667
4.61667	45.15
4.53306	44.6328
4.68333	44.55
4.15834	44.7756
4.76667	45.2833
4.27167	44.6237
4.15	44.7333
4.53333	44.3667
4.15	44.4833
4.38333	44.6
4.35	44.9833
4.66667	44.8333
4.83333	45.0333
4.81667	45.1667
4.11667	44.5833
4.5	44.9
4.4	44.4
4.58333	44.75
4.31667	44.95
4.15	44.3333
4.41667	44.45
4.35	44.9833
4.66667	45.3333
4.11445	44.6656
4.61667	44.3167
4.76667	45.35
4.20028	44.3748
4.71667	45.25
4.61667	44.6833
4.61667	45.1
4.53333	45.1167
4.58333	44.9833
4.53333	44.9
4.65	44.8167
4.33333	44.9167
4.73361	44.96
4.51667	44.95
4.58333	44.9667
4.08333	44.7333
4.13333	44.475
4.65	44.9
3.96667	44.55
4.28333	44.55
4.78778	45.3031
4.61667	44.65
4.66667	45.1667
4.23333	44.5
4.58945	44.8589
4.21667	44.4833
4.66667	44.6667
4.33333	44.5167
4.36667	44.6667
4.01667	44.6167
4.45	44.55
4.08333	44.4333
4.13333	44.8
4.68333	44.4833
4.33333	44.5667
4.58333	44.6333
4.41667	44.55
4.5	44.3833
4.61667	44.4333
4.68333	45.3333
4.66334	45.1428
4.03333	44.8333
4.35	45.0833
3.93333	44.7
4.46667	45.1
4.38333	44.4
4.45	44.3167
4.46667	44.7833
4.35	44.85
4.66667	45.2667
4.34195	44.5981
4.78333	45.25
4.36667	44.4833
4.4	44.5167
4.25	44.5167
4.68333	45.1833
4.30584	44.837
4.53333	45.2
4.11667	44.85
4.7	44.65
4.68333	44.7833
4.06667	44.5167
4.68333	45.2833
4.4	44.5167
4.48333	45.0167
4.87473	44.9345
4.39917	44.9195
4.26667	44.95
4.6	44.7333
4.28333	44.4833
4.25	44.7333
4.19723	44.6292
4.16667	44.6667
4.3	44.5333
4.53333	44.45
4.05	44.35
4.76667	45.1083
4.5	44.9333
4.6	44.9
4.31667	44.4167
4.06084	44.8209
4.72834	45.3167
4.26667	44.8667
4.5	44.5
4.65	44.7
4.83278	45.0673
4.38333	44.6833
4.81667	45.0833
4.23333	44.4833
4.75	44.75
4.80056	45.2731
4.25	44.6333
4.65	45.2333
4.30223	44.7248
4.63333	45.0833
4.43333	44.95
4.35	44.45
4.48333	44.8167
4.05	44.6833
4.36667	44.5
4.49806	44.6087
4.48333	44.6333
3.95	44.65
4.38333	45.0667
3.9	44.6333
4.65	45.0333
4.11667	44.5167
4.51667	45
4.26667	44.6
4.4	45.0167
4.58333	45.2333
4.24084	44.9162
4.58333	44.9167
4.36667	44.9
4.3	44.7167
4.15	44.45
4.36667	44.55
4.21667	44.4667
4.73333	44.7833
4.7	44.5833
4.16667	44.5833
4.1	44.4167
4.45	44.6333
4.76667	44.65
4.21667	44.55
4.7	44.6833
4.63333	44.5
4.28333	44.6667
4.68333	44.7333
4.13333	44.4
4.56667	45.0833
4.61667	44.7667
4.71667	44.6167
4.41667	44.6
4.3	44.6833
4.8	45.1833
4.4	44.7333
4.6025	44.8395
3.93333	44.75
4.22584	44.7903
4	44.75
4.41667	44.6333
4.66667	45.2333
4.51667	44.75
4.58333	44.3
4.58333	44.5833
4.8	45.1
4.61667	44.8
4.63084	44.9639
4.45	44.5
4	44.5167
4.41667	44.35
4.7	45.3
4.30667	44.4492
4.35806	44.6312
4.6	44.7667
4.08333	44.4333
4.61667	45.2833
4.65	44.3667
4.31667	44.6
4.8	45.1333
4.32528	44.5384
4.8	44.9833
4.72889	44.8598
4.2	44.7167
4.71667	45.1
4.6	45.0167
4.41667	44.65
4.3	44.8167
4.45	44.7667
4.35778	44.7184
4.65139	44.6373
4.41667	45.1167
4.54056	44.8014
4.46667	45.0833
4.29889	44.4262
4.44834	44.7312
4.75	45.1167
4.83333	45.0167
4.73333	45.25
4.1	44.75
4.75	45.05
4.59806	44.555
4.63333	44.6167
4.46667	44.9333
4.31667	44.65
4.5	45.1667
4.73333	45.2833
4.41667	44.9
4.53333	44.9333
4.3	44.5
4.7	45
4.46667	44.9
4.55	45.2
4.55	44.85
4.81667	44.9
4.31667	44.35
4.76667	45.1667
4.3	44.5667
4.35	44.8
4.61667	44.7167
4.75	45.3167
4.16667	44.4167
4.7	45.15
4.38333	44.35
4.78333	45.25
4.43333	44.6833
4.3	44.65
4.33333	44.95
4.35	44.6833
4.42806	44.8214
4.43333	44.8833
4.78333	44.8
4.76667	44.7167
4.3	44.6167
3.88333	44.7167
4.46667	44.5667
4.33333	44.7167
4.76667	45.2333
4.7	45.3333
4.48333	44.6
4.51667	44.7667
4.65084	45.055
4.4	44.8167
4.85	44.8833
4	44.8167
4.74862	44.9898
4.76667	45.1167
4	44.7333
4.31667	45.0167
4.55	44.6833
4.05	44.6
4.83333	44.8667
4.3	44.55
4.36667	44.65
4.71667	45.2167
4.36667	44.4667
4.38333	44.6167
4.61667	44.5833
3.96667	44.6167
4.26667	44.4
4.23361	44.3609
4.61111	44.3045
4.56667	45.0333
4.66667	45.1
4.18723	44.4425
3.91667	44.6833
4.85	44.9667
4.76667	49.7
5.05	49.4333
5.00556	49.3962
4.5	49.85
4.83333	49.6667
4.7	49.5333
4.36667	49.5
5	49.65
4.33333	49.8333
4.3	49.9333
4.61667	49.75
4.68333	49.9333
4.425	49.8
4.83333	49.5167
4.78333	50.1083
4.41667	49.4833
4.88333	49.2667
4.78333	50.1167
4.45	49.5
4.61667	49.7833
5	49.45
4.96667	49.3
4.71667	49.5
4.4	49.7667
5.35167	49.615
4.86667	49.7
4.7	49.55
4.95	49.2833
4.48333	49.7833
4.63333	49.6667
4.35	49.8667
4.61667	49.4
4.7	49.45
4.9	49.5833
4.76667	49.8333
4.86667	49.65
5	49.3
4.3	49.6167
4.25	49.4167
5.13333	49.6
4.93333	49.3833
4.98333	49.6333
4.8	49.75
4.28333	49.3667
4.55	49.3833
4.31667	49.85
4.73333	50.0167
4.5	49.8667
4.81667	49.8667
4.68333	49.2833
4.76667	50.1
4.96667	49.5667
4.82834	49.4464
4.23333	49.6167
5.26667	49.65
4.73333	49.3667
5.08333	49.6833
4.63333	49.3667
4.56667	49.6333
4.45	49.5333
4.41667	49.6333
4.75	49.7833
4.66667	49.4667
4.73333	49.2667
4.58333	49.5333
5.01667	49.7333
4.53333	49.4833
5.03333	49.6167
4.45	49.75
4.88333	49.45
4.63333	49.2667
4.98333	49.6667
4.25	49.65
4.56667	49.6667
4.83333	49.4333
4.66667	49.8167
4.8	49.6833
4.53333	49.8167
4.43333	49.5833
4.51667	49.7833
4.98333	49.4833
4.63333	49.7833
4.68333	49.5
4.53333	49.55
4.83333	49.2833
4.61334	49.6098
4.86667	49.3
5.21667	49.6167
4.56667	49.5833
4.41667	49.9333
4.56667	49.5667
4.66667	49.55
4.63333	49.5667
4.86667	49.6667
4.11667	49.5667
4.21667	49.5167
4.5	49.5167
4.26667	49.85
4.85	49.4833
4.9	49.6
4.6	49.4167
4.75	49.3167
4.12528	49.4253
4.3	49.75
4.5	49.45
4.91667	49.6333
4.35	49.4
4.68333	49.6667
4.91667	49.35
4.5	49.7667
4.66667	49.3833
4.5	49.6333
4.72466	50.0777
4.8	49.65
4.16667	49.4833
4.25	49.4833
4.48333	49.4667
5.08333	49.6667
4.93333	49.6833
4.66667	49.2667
4.63333	49.8
4.15	49.6667
4.65	49.65
4.2	49.6167
5.25	49.6333
4.35	49.5833
4.83333	49.2667
4.81667	49.5
4.5	49.35
4.76667	49.5167
4.70584	50.0098
4.56667	49.5167
4.41667	49.7
4.5	49.3167
4.9	49.5333
4.45	49.4
4.8	49.7
5.18333	49.5833
4.16667	49.5
4.95	49.3
4.43333	49.5
4.83333	49.6333
4.65	49.5333
4.45	49.3
4.81667	50.1333
4.67028	49.5942
4.55	49.75
4.5	49.7167
4.48333	49.4833
4.46667	49.8333
4.35	49.55
4.93333	49.7333
4.81667	49.75
4.16667	49.4833
4.41667	49.4
5.03333	49.6833
4.91667	49.3167
4.25	49.5333
5.05	49.6667
4.95	49.4167
4.40139	49.8187
4.75	49.7667
4.4	49.5333
4.98333	49.7167
4.08333	49.5
4.775	50.125
4.6	49.8
4.36667	49.6667
4.93333	49.5
4.65	49.3333
5.15	49.65
4.76667	49.45
4.46667	49.8
4.35	49.8
4.36667	49.75
4.05	49.4333
4.65	49.7
4.41667	49.8167
4.95	49.65
4.38333	49.4
4.84973	49.6798
4.91473	49.7109
4.6	49.75
4.35	49.6333
4.6	49.8333
4.31667	49.7833
4.66667	49.8
4.74115	50.1
4.1	49.4167
4.28333	49.65
4.8	49.3833
4.6	49.4167
5.3	49.6
4.66667	49.7333
4.18528	49.6912
4.75	49.7167
4.98333	49.3167
4.4	49.6167
4.65	49.6833
4.73333	49.8833
5.21667	49.6
4.9	49.3333
4.53333	49.6
4.75	49.8167
4.73333	49.7167
5.18333	49.6167
4.25	49.6833
4.85	49.65
4.61667	49.65
4.86889	49.6003
4.26667	49.5167
4.73333	49.6
4.7	49.5833
4.38333	49.8833
4.86667	49.75
4.86667	49.5833
4.96667	49.6167
4.78333	50.0167
4.21667	49.5667
4.71667	49.7333
4.92917	49.4342
4.35	49.7167
4.31667	49.5167
5.01667	49.5667
4.53333	49.8833
4.58333	49.4333
4.26667	49.5833
4.71667	49.2667
4.63333	49.4167
4.63333	49.8333
4.89945	49.3689
4.63333	49.7167
4.66667	49.7
4.83333	49.8167
4.78333	49.8667
4.3	49.4167
4.83333	49.8833
5.05	49.5333
5.06667	49.6333
4.11667	49.5
4.8	49.4
4.51667	49.4
4.76667	49.3167
4.33333	49.5
4.93333	49.7167
4.8	49.8167
4.71667	49.7667
4.23333	49.9167
4.61334	49.8109
5.03333	49.4667
4.06667	49.6
5.25	49.65
4.65	49.4833
4.26667	49.8
4.66667	49.35
4.65	49.5667
4.55	49.8333
4.3	49.7167
4.43333	49.3
5.16667	49.6667
4.46667	49.5333
4.43333	49.8667
5.23195	49.6506
4.88333	49.4333
4.98333	49.3667
4.73333	49.35
4.38333	49.4833
4.6	49.5
4.7	49.9833
4.31667	49.35
4.82864	50.0833
5.2	49.6667
4.43333	49.85
4.88333	49.4
4.51667	49.9167
4.5	49.6167
4.31667	49.6833
4.83333	49.3167
4.63333	49.9333
4.93333	49.4833
4.68333	49.75
4.08333	49.5833
4.46667	49.6667
4.36667	49.5167
4.56306	49.577
4.85	49.7333
5.05	49.7
4.96667	49.75
4.71667	50.05
4.85833	50.125
5.11667	49.7
4.11667	49.65
4.76667	49.7
4.56667	49.7667
4.6	49.7167
4.75	49.65
4.68333	49.9
4.808	50.1
4.7	49.8833
4.23333	49.4167
5.11667	49.6333
5.16667	49.6333
5.26667	49.5583
5.03333	49.6167
5.25	49.6
4.68333	49.65
4.65	49.8333
4.28333	49.7333
4.1	49.4667
4.08333	49.5333
4.51667	49.8333
5.13333	49.6667
4.63333	49.3833
4.78333	49.7333
4.16667	49.4833
4.76778	49.8508
4.63333	49.8833
4.18333	49.6833
4.76667	49.25
4.75	49.6833
4.48333	49.5833
4.95	49.6
4.28333	49.4167
4.72466	50.0778
4.81667	49.7667
4.85	49.25
4.63333	49.4833
4.13333	49.6
4.37639	49.347
4.61667	49.45
4.73333	49.4667
4.68333	49.7667
4.7	49.4
4.73333	49.6667
4.76667	49.6833
4.77611	49.3467
4.33333	49.65
4.73333	49.6333
5	49.7167
4.21667	49.8167
4.35	49.8333
4.5	49.4167
4.65	49.5833
4.21667	49.4167
5.08333	49.6
4.65	49.8667
4.28333	49.55
4.96667	49.6833
5.3098	49.6667
5.28333	49.6167
4.61667	49.5
4.55	49.65
4.63333	49.5167
4.58333	49.4833
4.3	49.5167
4.48333	49.3833
4.98333	49.4833
4.48333	49.9333
5.08333	49.55
4.56667	49.6167
4.56667	49.8333
5.08333	49.4333
4.78333	49.7833
4.08333	49.45
4.43333	49.7833
5.01667	49.35
4.53333	49.6333
4.93333	49.3333
4.41667	49.6
4.78333	49.3167
4.95	49.4333
5.13333	49.6333
5.26667	49.6
4.53333	49.65
4.5	49.5333
4.95	49.75
4.78333	49.3
4.45	49.8167
4.83333	49.3167
4.33333	49.7667
4.38333	49.85
5.15	49.6833
4.28333	49.4333
4.40056	49.6448
4.95	49.6667
5.05	49.65
5.03333	49.7167
4.61667	49.5833
4.7	49.3333
4.275	49.6083
4.66667	49.3
4.4	49.3
4.325	49.5975
4.56667	49.8167
4.65	49.4
4.21667	49.45
4.48333	49.8333
4.28333	49.8833
4.95	49.7
4.32584	49.8664
4.65	49.7333
4.58333	49.8167
4.78333	49.6
4.75	49.7333
4.85	49.7
4.33333	49.6833
4.7	49.7
4.66667	49.6333
4.8	49.4667
4.75	49.4333
4.71667	49.4333
4.35056	49.4495
4.33333	49.5333
4.86667	49.3333
5.26667	49.5833
4.80825	50.1
4.93333	49.4
4.28333	49.9
5.23333	49.5667
4.60917	49.7659
4.68333	49.4333
4.46667	49.7667
4.45	49.4333
4.65	49.6667
4.73333	49.55
4.91667	49.55
4.30028	49.5839
5	49.2667
4.46667	49.35
4.25	49.8333
4.58333	49.3333
5	49.6833
5.33333	49.6
5.3	49.575
4.18333	49.4167
4.16667	49.4333
4.6	49.4667
4.36667	49.6333
4.53333	49.95
4.31667	49.5667
4.91667	49.5333
4.3	49.8667
4.83333	49.7333
4.23584	49.7775
5.08333	49.7
5.17528	49.6114
4.58333	49.65
4.87389	49.4931
4.23333	49.5333
4.86667	49.5167
4.71667	49.3167
4.5	49.55
4.55	49.45
4.78333	49.8667
4.8	49.7833
4.63333	49.7333
4.87806	49.535
4.8	49.55
4.45	49.4833
4.9	49.45
4.41667	49.4333
4.78333	49.4333
4.11667	49.4667
1.56667	42.8667
1.23333	43.05
1.48333	42.7833
1.71667	43
1.26667	43.1833
1.56667	43.0667
1.13333	43.0833
1.6	43.05
1.83333	43.0833
1.78333	42.9833
1.6	42.9833
1.73333	42.7833
1.41667	43.1833
1.41667	43.1167
1.46667	42.95
1.4	43.1333
1.83333	42.8667
1.93333	43.0167
1.37611	42.975
1.73333	42.7667
1.16667	42.9667
1.68333	43.0333
1.8	43.0333
1.61667	43.0667
1.71667	42.7833
1.55	43.0333
0.983333	43.05
1.81667	42.95
1.63333	43.1
1.4	43
0.933333	42.9333
1.76667	42.9667
1.06667	42.95
1.46667	43.05
1.58333	43.15
1.2	43.0667
1.61667	42.8333
1.8	42.9667
1.75	42.7833
1.63472	42.9344
1.13333	43.0167
1.23305	42.9133
1.10583	43.1081
1.01667	42.9667
1.51667	43.2667
1.83333	42.7333
1.4	43.1
1.91667	43.1333
1.35	43.2833
1.43333	43.0333
1.1	42.9833
1.08333	43.0833
2.06667	42.7333
1.71667	43.0833
1.41667	43.0667
1.56667	43.0833
1.63333	42.9
1.51667	43.05
1.48333	43.2167
1.65	42.9667
1.33333	43.1167
1.9	42.9167
1.16667	43
1.68333	42.9167
0.916667	42.9333
1.83333	42.7167
1.31278	43.1661
1.83333	42.65
1.65	42.8167
1.71667	43.0333
1.78333	42.7667
1.1	43.0833
0.983333	42.8833
1.93389	43.0494
1.95	43.1
1.46667	42.9833
1.38333	43.2167
1.05	43
1.85	42.9833
1.18222	42.9594
1.35	42.8833
1.45	43.0833
1.67806	43.2517
1.73333	42.8
1.75	42.9333
1.23333	42.9667
1.01667	42.9333
0.894444	42.9292
1.63333	42.8
1.8	43.0667
1.3	43.1833
1.61667	43.0333
1.21667	42.8667
1.86667	42.95
1.08333	42.8667
1.61667	42.9333
1.5	43.0667
1.2	42.95
1.66667	43
1.05	42.9
1.33333	43.0167
1.58333	42.8167
1.6	43.1833
1.68333	42.7833
1.49889	43.1875
1.81667	42.7333
1.51667	43.15
1.56667	42.85
1.88333	43.0833
1.48333	42.7667
1.35	42.9
1.58333	42.8
1.88333	42.7
1.6	43.1667
1.26667	43.1833
1.85	43.0333
1.96667	43.0333
1.78333	42.9
1.43333	43.0167
1.35	43.0333
1.13333	43.0667
1.80306	42.5908
1.36667	43.1
1.61667	42.85
1.45	43.1
0.973888	42.8769
1.43333	43.2
1.55	42.7667
1.23333	43
1.73333	43.0333
1.9	42.8833
1.7	42.8
1.75	42.9167
1.06667	43.1167
1.68333	42.8
1.53722	42.9458
1.63333	42.9833
1.58333	43.2333
1.18333	42.8833
1.65	42.9167
1.48333	42.95
1.46667	43.2167
1.85	42.9167
1.28361	43.0994
1.95	43.0833
1.76667	42.95
1.73333	43.1667
1.83333	42.9833
1.76667	43.0833
1.88333	43.05
1.87833	42.7869
1.5	43.0167
1.18333	42.7833
1.9	43.0333
1.58333	42.8167
1.75	42.7833
1.11667	43.0333
1.86667	42.7167
1.95	43.0667
1.53333	43.25
1.73333	43.0833
1.63333	43.05
1.6	43
1.65	42.7833
1.75	43.1
1.61667	42.9333
1.55	43.0167
1.85	42.7333
1.33333	42.8
1.93333	42.9
1.73333	42.95
1.58333	42.8167
1.15	42.9833
1.6	42.9667
1.13333	43
1.43333	43
1.85	42.9333
1.55	43.15
1.08333	43
1.31667	42.9
1.61667	43.0167
1.31667	43.15
0.95	42.8667
1.26667	43.0833
2.06917	42.7178
1.81667	43.1
1.33333	43.1833
0.997222	43.0403
1.7125	43.1439
1.88333	43.0333
1.5025	43.135
0.981666	42.9383
1.78333	43.05
1.71667	42.8
1.63333	43.0833
2.1	42.7167
1.51667	42.9667
1.43333	43.1333
1.9	42.9333
1.67306	43.0464
1.53333	43.1667
1.61667	42.8667
1.2	42.8667
1.88333	43
1.55	42.7833
1.6	43.1167
1.68722	42.7856
1.75	43.1333
1.68333	42.8
1.75	42.7833
1.75	42.7667
1.03333	42.95
1.26667	43.1667
1.86667	42.9667
1.01667	43.1
1.38333	42.9667
1.78333	42.75
1.56667	42.9667
1.2	43.0833
1.8	42.75
2.05	42.7333
1.05	42.9333
1.61667	43.0833
1.55	43.1333
1.71667	43.1167
1.65	42.85
1.6	42.8
1.36667	42.8667
1.51667	42.7667
1.6725	42.8403
1.68333	42.9667
1.35	43
1.81667	42.9833
1.53333	42.8833
1.83333	43.0667
1.7	43.1167
1.91667	42.9833
1.63333	43.0333
1.4	43.15
0.966667	42.9333
1.17417	43.1258
1.53333	42.95
1.51667	43.1
1.01667	42.9167
0.966667	42.95
1.63333	42.8333
1.26667	42.8
1.23333	43.0833
1.85	43.0167
1.88333	42.9833
1.08333	43.0333
2.11667	42.7167
1.16667	42.95
1.65	42.8
1.81667	42.9
1.98333	42.9833
1.76667	42.7667
1.11944	43.0089
1.26667	42.9
1.35	43.0167
1.5	43.1667
1.46667	43
1.75	43.1333
1.64389	43.1872
1.73333	43.0667
1.58333	43.0833
1.36667	43.0833
1.50361	42.7553
1.78333	43.0833
1.08333	43.0333
1.58333	42.7667
1.56667	42.9833
1.80167	42.9386
1	42.8833
1.21139	42.8933
1.2	43.0167
1.88333	42.7833
1.03333	42.9333
1.91667	42.9667
1.95	43.0667
1.71667	43.1667
1.56667	42.95
2.1	42.7
1.76667	42.7667
1.7	42.7667
1.86667	42.9333
1.61667	42.7833
1.5	43.2667
0.933333	42.9333
1.03333	42.9
1.01889	43.0289
1.08333	42.9667
1.76667	43.05
1.66667	42.7667
1.01667	42.9
1.17055	43.0692
1.51667	43.2
1.725	42.9083
1.58333	42.8667
1.68333	42.7833
1.78444	42.9569
1.71667	43.1167
0.983333	42.9333
2.06667	42.7167
1.5	42.7667
1.6	42.85
0.943055	42.8817
1.6	42.8667
1.93333	42.9667
1.41667	42.9833
1.4	43.25
1.145	42.9081
0.983333	43.0333
1.66667	43.0667
1.28333	43.0333
1.28333	43
0.916667	42.9333
1.3	42.85
1.51667	42.7833
1.7	42.95
1.08555	43.0306
1.61667	43.15
1.55	42.9833
1	42.9333
1.53333	42.8417
1.6	42.85
1.78333	42.75
1.8	42.7667
1.56667	42.7667
1.86667	42.7
1.5	43.2667
1.25	43.1667
4.56667	48.4833
3.96667	47.95
4.05	47.9667
4.15	48.3167
3.85	48.2167
4.13333	47.95
4.61667	48.3833
4.71667	48.2167
4.03333	48.2333
4.41667	48.1667
3.7	48.2833
4.11667	48.6167
4.05362	48.0587
4.01667	48.1333
4.28333	47.9833
4.1	48.2667
4.45	48.4167
3.81667	48.2667
3.9	48.4167
4.05	48.1667
4.56667	48.15
4.11667	48.4333
3.98333	47.9833
4.36667	48.55
4.35	48.1667
4.7	48.3
4.11667	48.3667
4	48.3667
4.02306	48.5473
4.41667	48.4
4.08333	48.2333
4.81667	48.2167
4.5	48.2167
4.36667	48.1333
4.06667	48.1333
3.85	48.5
3.95	48.55
4.25	48.0667
4.16667	48.5333
3.96667	48.4333
4	48.55
4.43333	48.4167
4.53333	48.3667
3.61667	48.2333
4.65	48.2
4.61667	48.1
4.25	48.5667
4.13333	48.0167
4.13333	48.45
4.23333	48.0833
4.36667	48.1667
3.63333	48.5167
4.5	48.4
4.05	48.3333
4.6	48.4
3.83333	48.0667
3.83333	48.3833
4.61639	48.1717
4.78333	48.2
4.05	48.3
4.23333	48.2
4.18333	48.55
4.3	48.15
3.71667	48.2333
4.75	48.3333
4.41667	48.0333
4.36667	48.4667
4.06667	48.5667
3.65	48.45
4.03333	48.5667
4.01667	48.1667
3.58333	48.55
3.7	48.35
4.16667	48.1667
4.26667	48.35
3.5	48.4833
4.36334	48.407
4.11667	48.1667
4.43333	48.2
4.2	48.5
3.6	48.4
4.06667	48.1833
3.76667	48.3
4.11667	48.1833
4.01667	47.95
4.8	48.1167
3.68333	48.4333
4.5	48.1
3.5	48.4167
4.58333	48.4333
3.5	48.4667
4.13333	48.3333
4.66667	48.2667
3.96667	48.3
4.1	48.25
3.83333	48.3167
4.31667	48.1333
4.4	48.05
4.5	47.9667
4.21667	48.5333
3.88333	48.0667
4.53333	48.4667
3.8	48.15
4.43333	48.0333
3.91667	48.1
3.86667	48
3.55	48.4667
3.88333	48.5
3.85	48.05
3.85	48.1
4.5	48.0667
4.31667	48.5
3.76667	48.4
4.38333	48.45
4.36667	48.0833
4.35	48.5
3.46667	48.5333
4.35	48.5333
3.78056	48.2556
4.03333	48.1333
4.4	48.3667
3.96667	48.3833
3.55	48.5167
4.01667	48.3833
4.26667	48.45
4.58333	48.4167
4.56667	48.05
4.05	48.35
3.6125	48.4506
4.53333	48.4
4.03333	48.5
4.73333	48.3667
4.11667	48.5
3.9	48.2667
4.21667	48.15
4.68333	48.25
3.65	48.2667
3.6	48.5167
4.2	48.5333
4.65	48.2667
4.83333	48.15
4.03333	48.25
4.61667	48.0833
4.7	48.3333
3.58333	48.5667
4.21667	48.3
3.88333	48.4833
4.35	48.1833
3.5575	48.5912
3.78333	48.2
4.1	48.3167
4.23333	48.5167
4.36667	48.0333
4.41667	48.2833
4.21667	48.3333
3.96667	48.1167
4.38333	48.4333
3.88333	48.2167
4.53333	48.4667
4.53333	48.1333
4.03333	48.3333
4.01667	48.0333
4.45	48.1333
4.2	48.25
3.79056	48.5117
4.72112	48.1923
4.16667	48.4167
4.53333	48.4333
4.23806	48.6298
4.58333	48.3
4.18333	48.2833
3.96667	48.1667
4.3	48.0833
3.73333	48.4
4.35	48.45
4.47167	48.4842
4.43333	48.45
4.11667	48.4
4.33333	48.4667
3.56667	48.4167
3.45	48.45
4.46667	48.2333
4.56667	48.3167
3.51667	48.5667
4.38333	48.2333
4.47362	48.072
3.95	48.1
4.28333	48.45
4.33333	48.3667
3.58639	48.4031
3.71667	48.5167
4.38333	48.1
4.21667	48.6667
4.2	47.9833
3.41667	48.4667
4.05	48.2833
4.45	48.0167
4.7	48.2333
4.46667	48.0667
4.51667	48.3
4.78584	48.3475
4.08333	48.6833
4.26667	48.3833
4.48333	48.5333
4.23333	48.6
4.06834	47.9581
4.63333	48.2333
4.06667	48.5333
4.38333	48.2
4.15	48.2667
4.36667	48.45
4.03333	48.3
3.8	48.1667
4.11667	48.2333
4.26667	48.6833
3.73333	48.3333
4.81667	48.3
4.46667	48.5167
4.11667	48.0667
4.65	48.1667
3.91667	48.0333
3.66667	48.4833
4.81667	48.2333
4.45	48.45
3.93333	48.4833
4.6	48.45
4.45	48.3833
3.86667	48.5167
4.28333	48.5
4.25	48.5167
4.26667	48.15
3.88333	48.1167
4.56667	48.5167
4.28333	48.05
4.48333	48.3667
3.43333	48.45
4.06667	48.2667
4.46667	48.4
4.06084	48.1489
4.53333	48.2667
3.63333	48.45
4.2	48.05
4.58333	48.45
3.63333	48.55
4.05	48.1333
4.8	48.2667
4.18333	47.95
4	48.2
4.71667	48.1667
4.46667	47.9833
3.91667	48.5
4.55	48.4667
4.45	48.1167
4.76667	48.2333
4.58333	48.4833
4.35	48.2167
4.46667	48.4333
3.66667	48.2333
4.18333	48.1833
4.66667	48.1833
4.43333	48.5167
4.19778	48.0323
4.11667	48.3
4.05	48.0167
3.91667	47.95
4.6	48.3667
4.13333	48.0667
4.53333	48.35
3.95	48.25
4.2	48.35
4.51667	48.1833
4.83333	48.2833
3.95	48.05
4.65	48.2667
4.11667	47.9667
4.71667	48.2333
4.18333	48.3167
4.33333	48.25
4.65	48.4167
3.65	48.3833
3.76667	48.4667
4.08333	48.2
4.4	48.2333
4.05	48.15
4.11667	48.6333
3.85	48.1667
3.78333	48.3667
4.56667	48.1
4.53333	48.25
4.5	48.1333
4.11667	48.5833
4.11667	48.0833
3.98333	48.4
4.16667	48.0167
4.56667	48.35
4.75112	48.3145
3.73333	48.2167
3.63333	48.35
4.3	48.2167
4.23333	48.1833
4.61667	48.2
4.23333	48.6167
4.1	48.1667
4	48.6333
4.13333	48.5333
3.73333	48.4833
4.5	48.5
4.2	48.3833
3.86667	48.0167
4.3	48.5167
4.13333	48.1667
4.18333	48.2667
4.00611	48.617
4.1	48.2167
4.6	48.2833
3.98333	48.2333
4.61667	48.5167
4.48917	48.4428
3.85	48.0833
3.95	48.45
4.28333	48.4333
3.9	48.3667
3.93333	48.45
4.6	48.55
4.03333	48.2833
4.1	48.5333
3.83333	48.45
3.61195	48.5503
4.11667	48.4667
3.43333	48.3833
4.55	48.3333
4.75	48.2667
3.58778	48.3592
3.96667	48.2667
3.95	48.4167
3.58333	48.3
3.86667	48.2667
4.21667	48.1667
4.23333	48.5333
4	48.2
3.66667	48.5167
3.91667	48.2167
3.91667	48.3
4.21667	48.0667
3.9	48.4667
3.5	48.5333
4.36667	47.9833
4.03333	48.05
3.66667	48.1833
4.01667	48.4667
3.58333	48.3333
4.5	48.4667
3.73333	48.25
4.28333	48.4
3.86667	48.2833
3.53333	48.3667
4.2	48.2
3.45	48.4167
4.25	47.9333
4.58333	48.35
4.25	48.3167
3.83333	48.3333
4.61667	48.4833
4.6	48.25
4.68333	48.1333
4.13333	48.2167
3.91667	48.55
4.14806	48.2328
4.08333	48.3
4.55	48.2167
4.53333	48.0667
4.8	48.25
4.66667	48.3667
4.26667	48.25
4.61667	48.2667
4.78333	48.1167
4.23333	48.2667
4.4	48.0833
3.86667	48.3667
4.66667	48.05
4.63333	48.3
4.78333	48.2833
4.53333	48.1167
4.05	48
4.03333	48.4333
4.13333	48.2
3.91667	48.5833
4.56667	48.25
3.45	48.5
4.33333	48.5
4.1	48.5167
3.66667	48.4167
3.68333	48.3167
4.68333	48.3167
4	48.1667
4.51667	48.3667
3.75	48.4333
3.5	48.4
4.36667	48.1167
4.41667	48.4333
4	48.05
4.58333	48.3
4.46667	48.1833
4.11667	48.55
4.25	48.1667
4.01667	48.1333
4.5	48.2833
4.51667	48.1333
4.65	48.5167
4.38333	48.5
4.03333	48.3667
4.75	48.2667
4.26528	47.9684
3.91667	48.0167
4.1	48.0167
4.3	48.0333
4.08333	48.1833
4.08333	48.3167
4.05112	48.1998
4.31667	48.3
3.96834	48.57
4.26556	48.5253
4.61667	48.2333
4.4	48.4667
4.48333	48.4833
3.63333	48.2
3.43333	48.4667
4.3	48.1
4.33333	48.2
4	48.1167
4.11667	48.4833
4.30584	48.2306
3.86667	48.5667
1.91667	43.3667
2.48333	43.0667
2.36667	43.3333
2.3	42.95
1.91667	43.35
1.86667	43.4333
2.48333	43.1833
2.33333	43.0667
2.66667	43.05
2.56667	43.3167
2.23333	42.7333
2.46667	43.3667
2.01667	43.3
2.31667	43.0667
2.03333	43.0833
2.25	43.0333
1.98333	43.05
2.41667	43.05
2.81667	42.9333
2.25	42.9
1.98333	42.7833
1.88333	43.4167
2.1	43.1833
2.06667	43.3667
2.06667	43.1833
2.43333	42.9167
2.11667	43.3
2.48333	43.0667
1.75	43.2
2.88333	43.1667
2.7	43.2167
2.03333	43.3
2.05	43.2
2.70056	43.0853
2.33333	43.1667
2.85	43.2833
2.26667	42.9333
2.15	43.0333
2.1	42.8
2.36667	43.3667
2.26667	43
2.35	43.2167
2.71667	42.8833
2.9225	43.2439
2.18333	42.8667
3	43.25
2.5	43.0667
2.12667	43.1078
2.31667	43.3333
2.50222	43.1037
2.83333	43.2833
3.08333	43.1
2.7	43.3
2.11667	43.1667
3.06667	43.2
2.61667	42.9667
2.63333	42.9333
2.53333	42.9667
2.25	42.8667
1.9	43.3833
2.33333	43.1167
2.35	43.1167
2.16667	43.2833
2.03333	43.2167
2.21667	43.2
2.05	43.4
1.9	43.35
1.88333	43.3167
2.95	43.2667
1.83333	43.3167
2.73333	43.25
2.45	43.1167
1.93333	43.2167
2.23333	42.8333
2.28333	43.25
1.83333	43.15
1.93333	43.15
1.93333	43.2333
2.03333	42.9667
2.03333	42.8
2.66667	42.95
2.15	43.1167
2.53333	43
2.1	43.0667
2.6	42.9333
2.56667	43.3
2.15	42.8833
2.08333	42.85
2.2	42.8167
2.95	42.9167
2	42.8
2.77111	43.1037
2.3	42.75
2.68333	43.2
1.98333	42.95
2.21667	42.9
1.86667	43.3667
2.23333	42.75
1.95	43.3167
2.43333	43.35
1.83556	43.2778
2.88333	43.2333
1.95	43.3833
2.5	42.8833
1.8	43.2667
2.78333	43.1833
2.41667	43.25
1.85	43.3
1.86667	43.175
2.38333	43.35
1.86667	43.3333
2.9	43.2833
2.55	43.0667
2.08333	42.8333
2.66667	43.0833
2.68333	43.2333
2	43.0667
1.73333	43.25
1.96667	42.95
2.46667	43.3167
2.76667	42.9667
2.15	42.8667
2.05	42.9333
2.46667	43.15
1.96667	42.7667
1.71667	43.2833
2.03333	43.15
2.25	43.2333
2.23333	43.0667
2.4	43.0167
2.95	43
1.85	43.2333
2.91667	42.9333
2.58333	43.1667
2.21667	43.1
2.2	43.0333
2.33834	42.985
2.15	43.0667
2.16667	43.0667
2.56667	43
2.5	42.9833
2.33333	42.7667
2.2	42.85
2.2	43
2.58333	42.9167
2.01667	42.8167
2.05	42.8167
2.63333	43
2.3	43.15
2.76556	43.2423
2.4	43.35
1.78333	43.3333
2.03333	43.3333
2	43.1167
2.1	43.1333
2.55	43.25
2	43.1
2.23333	42.95
2.11667	43.2333
2.31667	42.95
1.98333	43.1
2.85945	43.2487
2.31667	42.9167
2.45	43.2833
2.66667	43.2833
2.63333	42.9167
2.98333	42.9333
2.63333	43.2
2.28333	42.95
2.28333	43.1667
1.96667	43.15
2.51667	43.1833
1.95	43.05
1.8	43.2667
2.03333	43.0333
2.51667	43.15
2.31667	43.0667
1.75	43.2667
2.26667	42.8833
1.96667	43.25
2.3	43.3667
1.95	43.4
2.25	43.1833
2.36361	43.1831
2.63333	43.2333
1.71667	43.3
3	43.1833
2.15	42.9333
1.88639	43.2273
2.01667	43.0667
2.11667	43.3333
2.23333	43.4
2.83333	43.1833
2.41667	43.3833
2.15	43.2
2.51667	43.2667
2.71667	43.1833
2.11667	42.8667
2.2	43.0833
2.98333	43.0333
2.25	42.95
2.73333	43
2.36667	43.0333
1.81667	43.3667
2.58333	43.2833
2.45	43.1667
2.46667	43.0833
2.71667	43.2667
1.93333	43.15
2.33333	43.25
2.44056	43.2523
2.3	43.1667
2.9	43.2167
2.55	42.8833
1.91667	43.1833
1.78333	43.3
1.95	43.0667
2.55	43.4
1.81667	43.1667
1.8	43.2333
2.18333	43.1167
1.85	43.4
2.38333	43.1167
2.6	43.05
2.99111	43.1234
2.23333	43.0833
2.8	43.1333
2.36667	43.3833
2.26667	43.35
2.19167	42.9833
1.86667	43.2667
2.01667	43.1
3.11667	43.2333
2.91667	43.3167
2.21667	43.3667
2.13333	42.9833
2.48333	43.2167
2.28333	43.1833
2.05	43.05
2.03306	42.9547
2.41667	43.3333
2.23333	43.2833
2.16667	42.9833
1.78333	43.3167
1.98333	43.25
2.83333	42.95
2.05	42.7667
3.135	43.2284
2.2	42.75
1.83333	43.1833
2.56639	42.8634
1.95	43.1
2.05	42.8333
2.25	43.1333
2.43333	42.8667
1.98333	43.3667
2.03333	43.1167
2	43.2
2.3	42.8167
2.2	42.9167
2.85	43.0167
2.06667	43.0167
1.88333	42.8167
2.98333	42.9
2.16667	42.7833
2.55	43.3833
2.15	42.8167
2.21667	42.8
2.5	42.9333
2.275	43.325
1.85	43.1833
2.83333	43.3
2.56667	43.1833
2.86667	43.2167
2.03333	43.2667
2.88333	43.2667
2.15	43.05
2.6	42.85
2.81667	43.1833
2.65306	43.2523
2.3	43.0333
2.91667	43.2333
2.18333	43.05
2.43667	43.2712
2.45	42.9833
2.11667	43.25
3.05	43.0167
2.25	42.95
2.11667	42.9333
2.7	43.1667
2.21667	43.3
2.92584	43.1914
2.28333	43.2667
1.93333	43.2833
2.53333	43.3167
2.46667	43.2833
2.53334	43.2309
1.83333	43.2167
2.48333	43.4
2.61667	42.9833
1.98333	43.2333
2.1	43.0333
2.18333	43.2667
2.18333	42.9667
2.21667	43.25
2.13333	43.0333
2.95	43.2333
2.3	43.1167
1.95	43.2667
2.16667	43.3667
2.51667	43.0833
2.15	42.9667
2.61667	43.1
2.6	43.2
2.1	43.1167
2.08333	43.3167
2.31667	43.1
2.18333	42.8333
2.36667	43.25
2.11667	43.0833
2.3	43.1167
1.98333	43.3667
2.53333	43.0833
2.78333	43.05
2.72945	43.04
2.83333	43.25
2.43333	43.2333
2.18333	42.9333
2.41667	43.2167
3.03333	42.9167
2.8	43.25
2.36667	42.9833
2.23333	42.8
2.45	43.1833
2.36667	43
2.45	43.4
2.01667	43.15
2.31667	43.4
2.5	42.9667
2.06667	43.1667
2.3	43.3833
2	42.8167
1.95	43.3833
2.56667	42.95
2.56667	43.1333
2.76667	43.2
2.31667	43.3
2.11667	42.9
2.06667	43.1333
2.31667	42.85
2.3	42.9833
2.41667	43.1167
2.43333	43.0333
2.1	43.2833
2.16667	43.1
2.38333	43.1667
2.41667	43.2333
2.24861	43.3706
2.36667	43.2667
2.26667	42.9667
2.15	43.2833
1.83333	43.3333
2.13333	43.15
1.76667	43.3333
2.33333	43.15
2.71667	42.85
2.26667	43.4333
2.6	43.1833
2.96667	43.3
2.65	43.1333
2.88333	43.3167
2.81667	43.1
2.53333	43.05
2.38333	43.0833
2.86667	42.9667
2.13333	43.1167
2.92195	43.0545
2.40167	43.27
2.31667	42.9667
2.08333	43.15
2.51667	43.2167
3.1	43.1833
2.9	43.2333
2.1	43.2
2.46667	42.8667
2.35	42.9
2.43333	43.2167
2.31667	42.7833
2.08333	43.05
2.63333	43.1
2.99306	42.9748
2.743	43.05
2.23333	43.2333
2.48333	43.0167
2.11667	43
2	42.9833
2.48333	43
2.13333	43.35
2.75	42.9833
2.7	43.1333
2.96667	43.0833
3.06667	43.2333
2.84722	43.2287
2.55	43.2
2.35	43.3833
2.81667	43
2.38333	43.3833
1.91667	42.8
2.66667	42.8667
2.13333	42.7333
2.83333	43.1167
2.73333	43.15
2	43.3833
2.16667	43.0167
1.96667	42.8167
2.38333	43.3333
2.21667	42.9333
2.65	43.2167
1.95	43.2
2.48333	42.95
2.16667	42.75
2.06667	42.8
2.08333	42.7667
2.11667	42.7833
2.71667	42.9667
1.88333	43.2
2.38333	42.95
2.65	43.1833
1.83333	43.25
2.56667	43.0333
1.95	43.1167
2.21667	43.1333
2.25	43.1
1.98333	43
2.08333	43.1333
2.43333	43.3167
2.35	42.8833
2.4	43.35
2.76667	43.7667
2.85	44.75
2.25	44.45
2.56667	44.5333
3.01667	44.4167
2.13333	44.5
1.98333	44.5
2.2	44.2167
2.95	44.2833
2.33722	44.3887
2.65	43.9667
1.93333	44.4333
2.23333	44.2
2.36667	44.2333
2.65	44.85
2.68333	44.3667
3.16667	43.9
3.03333	44.3333
2.7	44.5333
2.77945	44.0695
1.98333	44.2167
2.75	44.3167
2.66667	44.6167
2.85	44.2
2.53333	44.3167
2.96667	44.2
2.56667	44.2333
2.53333	44.0333
2.25889	44.4828
2.95	43.7667
2.93333	44.1333
2.43333	44.1333
2	44.5167
2.21667	44.5833
2.45	44.4
1.95	44.5167
2.91667	44.4
2.96667	44.0167
3.05806	44.2014
2.75	43.95
2.83333	44.3833
2.05	44.2333
2.61667	43.85
2.31667	44.2167
2.58333	44.15
3.21667	44.1833
2.59167	44.7083
2.51667	44.4333
2.03333	44.4
2.9	44.05
2.51667	44.6167
2.41667	44.4167
2.6	44.4167
2.81667	44.6333
2.58333	43.9
2.16667	44.55
3.03333	43.7833
2.71667	43.9667
2.95	43.9
2.8	44.1833
3.06667	44.3167
1.96667	44.3
3.1	44.1667
2.71667	44.0833
3.3	44.1833
1.96667	44.3667
2.25	44.6167
2.51667	44.2167
2.78333	44.3833
2.29834	44.4609
2.36667	44.6333
2.33333	44.5
2.53333	44.5667
2.85	44.3667
2.91667	44.5833
2.76667	43.8833
2.08333	44.4667
2.61667	43.9333
2.76667	44.8833
1.91667	44.3
2.05	44.2833
2.16278	44.5745
2.04834	44.5139
2.56667	44.65
2.5125	44.2487
2.56667	43.9833
2.31667	44.6333
2.51667	43.95
2.61667	44.4833
2.28333	44.5167
3.01667	44.4667
2.88333	44.4167
2.75	44.4
2.93333	43.85
2.63333	44.7833
2.1	44.2833
2.58333	44.35
2.38333	44.1833
2.21834	44.6489
2.63333	44.6333
2.08333	44.5167
2.65	44.6833
2.08333	44.4333
2.85	44.6833
2.36667	44.2667
2.66667	44.3667
2.65	44.25
2.98333	44.4667
2.5	44.1333
2.76667	44.2333
3	43.9333
2.98333	43.8833
1.99778	44.2656
2.88333	43.8167
2.78333	44.7
3.18333	43.8333
2.6	44.5833
2.23333	44.5833
2.14556	44.5467
3.11667	44.45
2.2	44.45
2.2	44.3667
2.53333	44.3833
3.08778	44.4183
2.41667	44.5167
3	44.3167
2.21667	44.4167
2.95	43.8333
2.56667	44.3333
2.81667	44.6667
3.01667	44.4333
2.45	44.0833
2.78333	44.2667
1.96722	44.4264
2.54722	43.9267
2.53333	44.1
2.66667	44.1833
2.35	44.4833
2.3	44.05
2.36667	44.2833
3.36667	44.0167
3.13333	44.1833
2.8	44.45
3.18333	43.9667
2.6	44.2833
2.31667	44.5333
3.26667	44.15
2.86667	43.7667
2.88722	43.9592
2.5	44.0333
2.95	44.5333
2.73333	44.55
2.67167	44.5553
2.83333	44.7167
1.98333	44.5333
2.65	44.8333
2.43333	44.3333
2.21667	44.55
2.23333	44.3
2.96667	44.0833
2.96667	44.4333
2.13333	44.3833
2.61667	44.6833
2.76667	44.5167
2.35	44.2
2.85	44.45
3.13333	44.1833
2.15	44.3333
2.63333	43.8
2.93333	44.35
2.76667	44.05
2.61667	44.1
3.01667	43.7333
2.16028	44.425
3.31667	43.9167
3.13333	43.9833
2.08333	44.2
2.9	44.1
2.23333	44.4833
2.18333	44.3167
2.66667	44.5333
2.53333	44.65
2.58333	44.75
2.36667	44.3833
2.15	44.2333
2	44.3833
3.08333	44.1
2.29	44.2784
2.18333	44.5167
2.6	44.0167
2.05	44.35
2.75	44.8
2.08333	44.5667
2.51667	44.5167
2.65	44.0667
2.43333	44.45
2.68333	44.8333
2.3	44.1833
3.05	43.8833
2.53333	44.1667
2.7	43.7833
3.05	44.0833
2.38333	44.4333
2.46667	44.25
3.1	43.9
2.98333	44.0667
2.83333	44.3
2.78333	43.8
2.6	43.8833
2.5	44.5333
2.98333	43.9833
2.98333	44.5333
2.83389	43.8792
3.11667	43.8833
2.72889	44.7373
2.73333	44.2833
2.81667	44.75
3.21667	44.1167
2.43333	44.5167
2.86667	44.65
3.1	44.15
2.98333	43.95
2.56667	43.85
2.25	44.55
2.58333	44.6167
2.4	44.4833
2.1	44.55
2.96667	44.3667
2.25	44.5333
2.11667	44.2333
1.96083	44.4664
2.41667	44.1667
3.05	44
2.68195	43.885
2.83333	44.7833
2.37528	44.5659
2.63333	44.3333
3.05	43.95
1.9	44.4833
2.48333	44.6
2.18333	44.4167
2.58333	44.5
3.1	44.15
2.83333	44.4
2.05	44.3333
2.45	44.2333
2.3	44.4167
2.78333	44.7667
2.5	44.35
2.65	44.7
2.35	44.35
2.4	44.6
2.8	44.6
1.85	44.4667
2.3	44.15
2.03333	44.4333
2.26667	44.2333
2.23333	44.3667
2.29334	44.5964
2.43361	44.2778
2.7	44
2.15	44.2667
1.91667	44.3667
3.18333	44.2
2.88333	44.0667
3.01667	43.95
3.36667	43.9667
2.85	43.9333
3.3	44.0167
2.68333	44.1333
2.76667	43.8167
2.36667	44.1333
2.46667	44.4667
2.95	44.1667
2.69556	43.91
3.16667	44
2.88333	44.5333
2.11667	44.4
2.21667	44.5
2.95	43.8
2.61667	44
2.83333	44.05
2.86667	44.6167
3.01667	43.8333
2.25	44.1833
2.58333	43.95
2.56667	44.1833
2.96667	44.3333
2.11667	44.4667
2.05	44.1833
2.8	44.3167
2.88333	44.7667
2.95	44.45
2.81667	44.5167
2.41667	44.55
2.71667	44.4667
2.56667	44.35
2.86667	44.5
3.1	44
2.81667	44.8333
2.93333	43.7333
2.93333	44.4667
2.98333	44.2167
2.8	44.0167
5.31667	43.7167
5.53333	43.2167
5.65	43.45
4.95	43.7
4.95	43.8667
5.08333	43.75
5.25	43.7167
4.75	43.9
5.03333	43.7833
5.55	43.3833
4.83333	43.7833
4.95	43.8
5.36667	43.5667
4.98333	43.5167
4.9	43.8667
4.8	43.9
5.43333	43.5333
5.62223	43.4823
5.48333	43.3333
5.18333	43.55
5.3	43.6167
4.68333	43.8667
5.41667	43.45
5.58333	43.3833
5.5	43.4167
5.58333	43.4
5.56667	43.4833
5.58333	43.4167
5.51667	43.55
5.61667	43.25
5.23333	43.4167
5.58333	43.5167
5.1	43.6333
5.08333	43.7
5.63333	43.2167
5.37639	43.2967
5.35	43.6667
4.83333	43.8333
4.8	43.3833
4.78333	43.8333
5.43333	43.6667
4.85	43.8833
5.18333	43.7333
5.18333	43.6333
5.38333	43.4333
5.03333	43.55
4.91667	43.8333
4.80389	43.7217
5.01667	43.45
5.23333	43.4833
4.8	43.75
5.46667	43.35
5	43.8
5.68333	43.5167
4.63333	43.6667
5.48333	43.6
5.16667	43.7
5.56667	43.2833
5.05	43.4
4.98333	43.4
5.16667	43.6833
4.76667	43.85
5.23333	43.3917
5.25	43.4667
4.66667	43.8
5.55	43.4333
5.58333	43.65
5.36667	43.4
5.53333	43.6333
5.15	43.6667
5.11667	43.3333
5	43.5833
5.55	43.5
5.56667	43.45
4.71667	43.7833
5.6	43.35
5.51667	43.5167
5.7	43.6833
4.95	43.4333
4.64889	43.8589
5.5	43.4833
5.6	43.55
5.31667	43.4083
5.15	43.6333
5.6	43.1667
5.51667	43.2833
4.95	43.75
5.53333	43.4
4.75778	43.79
4.78333	43.7167
4.95	43.8333
5.68333	43.45
5.63333	43.3
4.86667	43.6833
5.48333	43.3167
4.425	43.45
5.15	43.3333
4.81667	43.6333
5.2	43.35
5.21667	43.4167
5.43333	43.4167
5.06667	43.6
5.13333	43.5833
5.06667	43.5667
5.26667	43.65
5.63333	43.6333
5.56445	43.2564
5.38333	43.6833
5.03333	43.7
5.7	43.2833
5.6	43.3667
5.3	43.5333
5.26667	43.5167
5.46667	43.45
5.18333	43.4667
5.63333	43.3833
5.25	43.55
5.25	43.3667
5.16667	43.3833
-0.216667	48.9333
-0.05	49.2667
0.25	49.3083
-0.95	49.3833
-0.75	49.25
0.083333	49.0333
-0.283333	49.15
0.283333	49.3
-0.116667	49.05
0.25	49.0333
-0.45	49.05
-0.783333	49.3
0.066667	48.9833
-0.45	48.9
-0.233333	49.0833
-0.633333	48.9167
-0.766667	48.9167
0.433333	48.9833
-0.733333	48.8667
-0.6	49.3333
-0.85	48.8
-0.316667	49.2833
-0.816667	49.3167
0.116667	49.3333
0.116667	49.25
0.2	49.4
-0.033333	49.3167
0.0527778	49.3123
-0.483333	49.1333
-1.03333	49.2833
-0.867778	49.1589
-0.133333	48.9667
-0.316667	49.1
-1	49.2833
-0.583333	49.0833
-0.133333	49.0167
0.083333	49.0667
-0.733333	49.2833
-0.576667	49.0312
-0.05	48.9667
-0.85	49.0167
0.25	49.0333
-0.166667	49
-0.75	49.2333
-0.566667	48.9167
-0.633333	49.05
-1.1	49.3167
0.15	49.0167
0.183333	49.35
-0.233333	49.0167
-0.233333	49.25
-0.533333	49.2833
-0.95	49.3167
-1.08333	49.3333
-0.833333	48.8333
-1.03333	49.3167
-0.9	49.3667
-0.933333	49.2667
0.3	49.4
-0.866667	49.25
0.05	49.3
-0.633333	49.2
-0.616667	49.3167
-0.330278	49.1539
-0.00166667	49.2667
-0.4	49.05
-0.683333	49.25
-0.216667	49.1833
-0.066667	49.3
-0.183333	49.1833
-0.183333	49.2333
-0.513889	49.2114
-0.4	49.1833
0.033333	49.0167
0.216667	49.1833
-0.216667	48.95
-0.05	49.1833
-0.231111	48.9592
-0.730833	49.137
-0.033333	49.25
0.05	49.0167
-0.066667	49.05
-0.016667	49.2167
-0.55	49.2
0.116667	48.9667
-0.4	49.2333
-0.383333	48.9
-0.466667	49.2333
-0.85	48.8333
-0.516667	48.8667
-0.15	49.1833
0.15	49.15
-0.5	49.1
-0.283333	49.05
0.15	49.3333
-0.266667	49.0167
0.35	48.9667
-0.7	49.15
0.266667	48.9833
-0.416667	48.9
-0.95	48.9333
-0.531667	49.0453
-1.03333	49.3333
0.183333	49.05
-1.06667	49.2833
-0.4	49.0833
-0.833333	49.2667
-0.45	49.2333
0.135	49.3173
0.15	49
-0.45	49.2667
-0.783333	49.15
0.283333	49.3167
0.316667	49.15
-0.45	49.2833
-0.016667	48.9167
-0.566667	49.2833
-0.816667	48.9
-0.716667	49.25
-0.533333	49.1333
0.05	49.1833
-0.3	48.9167
0.370556	49.085
-0.283333	49.1
-0.266667	49.0167
-0.35	49.1
0.0744444	48.9678
-0.15	49.0167
-0.916667	48.9667
-1.06667	49.35
-0.366667	48.9167
-0.383333	49.1167
-0.633333	48.9333
-0.15	49.25
-0.716667	48.8333
-0.933333	49.3667
0.283333	49.3667
-0.816667	49.15
-0.716667	49.25
-0.166667	49.1333
-0.15	49.2167
-0.4	49.2167
-0.766667	49.1667
-0.6	49.1167
-0.65	49.0833
0.116667	49.0667
-0.833333	49.05
-0.266667	49.0833
-0.433333	48.95
-0.583333	48.8833
-0.533333	48.95
0.1	49.0833
-0.733333	48.95
-0.066667	48.8833
-1.01667	48.9333
-0.3	49.2333
-0.016667	48.8833
-0.25	49.2833
-0.233333	48.85
-0.45	48.9667
-0.914167	48.8745
-0.166667	49.1167
-0.45	49.1833
-0.1	49.0833
-0.666667	49.1833
-0.383333	49
0.016667	49.1167
0.307222	48.987
-0.85	49.1
-0.416667	48.95
-0.916667	49.3667
-0.6	49.25
-0.35	49.3
-0.366667	49.25
-0.4	49.2667
-0.616667	49.0333
-0.583333	49.25
-0.933333	49.2333
-0.683333	49.2167
-0.7	49.1
0.266667	48.9667
-0.1	49.25
-0.533333	48.8833
0.216667	49.15
-0.883333	48.8333
-0.516667	49.3
-1.03333	48.8333
-0.383333	49.15
-1.13333	48.8333
-0.35	49.0167
-0.6	49.2833
-0.216667	49.1333
-0.8	49.25
-0.3	49.2833
-0.1	49.2167
-0.65	49.3
-0.233333	49.2167
-0.883333	49.25
-0.833333	49.2
-0.683333	49.2833
-0.116667	49.1667
-0.016667	49.05
-0.0380556	49.1092
-0.583333	49.1
-0.883333	48.9
-0.683333	49.0667
-0.283333	48.9
0.25	49.05
-0.480278	48.9567
-0.9	49.15
0.25	49.35
-0.715833	48.8812
-0.4	49.3333
-0.083333	49.1167
-0.55	49.3167
-0.833333	49.15
0.15	49.2833
-1.03333	48.8667
-0.75	49.2833
-0.07	49.0737
0.1	49.2333
-0.533333	49.25
-0.6	49.2
-0.8	48.8667
-0.244167	49.137
-0.666667	48.8833
-0.15	49.1
-0.683333	49.2
-0.216667	49.0333
-0.866667	49.0667
-0.216667	48.9833
-0.366667	49.0667
-0.25	49.05
-0.483333	49.05
-0.516667	49.1333
-0.4	48.9833
-0.978056	49.2589
0.033333	49.35
-0.806389	49.0431
0.133333	49.0167
-0.5	49.05
-0.666667	49.05
-0.483333	49.3
0.0258333	49.2139
-0.016667	49.0333
0.116667	49.05
0.172778	48.9434
0.333333	49.0667
-0.733333	48.9
-0.583333	49.3
-0.366667	49.3167
0.183333	48.95
-0.45	49.15
0.96389	48.9362
0.233333	48.9833
-0.983333	48.85
-0.333333	48.8667
-0.033333	48.9333
0.333333	49.2667
0.2	49.0167
-0.35	49.1333
-1.1	48.8167
-0.55	48.9167
0.166667	49.25
0.15	49.1333
0.233333	49.2333
-0.85	49.1333
-1	49.3833
-0.766667	49.2167
-0.316667	49.1333
-0.516667	49.1667
-0.966667	48.9333
0.183333	49.3
-0.55	48.9333
-0.75	48.9833
0.183333	49.4167
-0.616667	49.2667
-0.266667	48.85
-0.416667	49.05
-0.55	48.85
-0.233333	48.9833
-0.283333	48.95
-0.633333	49.15
-0.216667	48.8667
-0.166667	49.25
-0.566667	49.0667
-0.3375	48.9875
-0.816667	48.7833
0.133333	49.4
-0.6	48.85
0.1	49.1833
0.016667	49.0833
0.05	49.1167
-1.08333	48.8
-0.383333	49.0833
-0.8	49.2
0.066667	49.0833
0.1	49.2
-0.416667	49.1333
-0.35	48.8667
-0.3	49.2
-0.966667	49.2833
-0.333333	48.95
-1.1	49.2667
0.383333	49.1167
-0.95	48.8833
0.133333	49.25
-0.016667	49.0333
-0.883333	48.9667
-0.716667	49.05
-0.833333	48.9333
-0.416667	48.9833
-0.3225	48.8806
-0.633333	49.2333
0.25	49.4
0.2	49.3167
0.075277	49.36
-0.6	49.15
0.216667	49.3
-0.733333	49.2
0.166667	49.3
-0.1	49.2667
-0.733333	49.3333
-0.233333	49.2333
-0.933333	48.95
-0.633333	49.25
0.216667	48.9667
-0.133333	48.9833
-0.416667	49.3333
0.116667	49.2833
-0.422778	49.0312
0.066667	49.2
0.133333	49.0333
-0.327222	49.2356
0.033333	49.1333
-0.45	49.25
-0.416667	48.9
-0.533333	49.2167
-0.383333	48.9333
0.233333	49.15
-0.066667	49.1
-0.616667	49.1667
-0.883333	48.9
0.383333	49
0.05	49.1167
-0.883333	49.3
-0.433333	49.2833
0.25	49.1667
-0.183333	49.2667
-0.366667	49.1
-0.5	49.0833
0.166667	49.1167
0.05	49.15
-0.983333	48.8333
-0.05	48.95
0.05	49.2667
-0.333333	48.9667
-0.995	49.2531
-0.216667	49.05
0.269444	49.317
-0.9	48.9167
-0.005	49.2833
-0.816667	48.9667
-0.283333	49.1833
0.366667	49
-0.983333	49.4
-0.566667	48.95
-0.8	49.0833
-0.75	49.3167
-0.466667	49.0833
-0.633333	49.2167
0.25	49.2667
-0.516667	49.1167
-0.733333	49.3
0.406667	49.0217
-0.902222	48.8006
-0.583333	49.15
-0.1	49.05
0.15	49.4
-0.5	48.9333
0.116667	49.1167
-0.066667	48.9333
-0.583333	48.9833
-0.016667	48.9
0.083333	49.3333
-0.516667	49.3167
-1.01667	48.85
-0.516667	49.1167
-0.566667	49.1333
-0.766667	49.1833
-0.883333	49.3667
-0.366667	48.85
-0.85	49.35
-0.866667	49.3333
-0.766667	49.1
-0.366667	49.1167
-0.85	48.9167
-0.783333	48.9833
0.033333	49.3167
-0.483333	49.0167
-0.3	49
0.316667	49.2333
0.016667	49.1167
-0.633333	49.2667
0.1	48.9333
-0.033333	49.2833
-0.183333	48.9167
-0.407222	49.117
0.3	49.3333
-0.466667	48.9167
0.216667	49.1167
-0.166667	48.95
0.166667	48.9667
-0.85	49.2667
-0.166667	48.9667
-0.45	49.15
-0.883333	49.2833
0.05	49.1667
0.201944	49.2584
-0.8	48.9667
-1.01667	49.2167
0.333333	48.9833
-0.483333	49.2667
-0.766667	48.85
-0.3	48.8667
-0.066667	49.2333
-0.533333	49.3333
0.133333	49.2833
-0.416667	49.2833
-0.766667	48.9833
-0.566667	49.2167
-0.95	49.25
0.116667	49.2833
-0.2	48.9
-0.266667	49.1833
-0.25	49.2333
-1.05	49.25
-0.016667	49.0167
-0.7	49.2667
-0.8	49.35
-0.016667	49.1667
-0.883333	49.2667
-0.533333	49.2833
-0.35	49.2667
-0.583333	49.1667
-0.416667	49.1667
0.05	49.2
0.233333	49.25
-0.75	49.2333
-0.833333	49.1167
0.283333	49.0167
-0.383333	49.2833
-0.316667	49.1667
-0.766667	49.25
0.316667	49.0667
-0.316667	49.2
-0.55	49.1167
0.15	49.2
0.316667	49.1
-0.016667	49.2667
-0.6	48.9167
-0.416667	49.2667
-0.00888889	49.1462
-0.383333	49.25
0.033333	49.1833
-0.483333	49.0333
-0.6	49.2333
-0.466667	49.1167
-0.501389	49.1806
-0.5	49.3167
-0.283333	49.25
0.066667	49.25
-0.3	49.1333
0.316667	49.1
-0.466667	49.1
-0.616667	48.9833
-0.55	49.2333